# Frame list with one line of data per frame:
#   FRAME_ID, RIG_ID, RIG_FROM_WORLD[QW, QX, QY, QZ, TX, TY, TZ], NUM_DATA_IDS, DATA_IDS[] as (SENSOR_TYPE, SENSOR_ID, DATA_ID)
# Number of frames: 15
1 1 0.87544884622575025 -0.016277756667288704 -0.47611939777051071 -0.081453491923487026 3.0953976672509804 -0.73065845321943834 4.4716365121511528 1 CAMERA 1 1
3 1 0.89392151772182638 -0.017213145145665867 -0.44155112476461461 -0.07510414107893483 2.9207189711036645 -0.69365566586596905 4.166237488920701 1 CAMERA 1 3
5 1 0.92816358620960904 -0.017271801939212492 -0.36651812218670982 -0.062277670163697521 2.6993324635888762 -0.60405033934042929 3.614579210562995 1 CAMERA 1 5
6 1 0.96397108776363738 -0.017593288414021503 -0.26188983203467497 -0.043173302345553395 2.2959370871145959 -0.5067364240423079 2.9593801207716912 1 CAMERA 1 6
8 1 0.99422175791706247 -0.027564127619053795 0.10063500804305887 0.025217258159447486 -2.830496552443873 -0.006905822628958602 -0.51186757975363151 1 CAMERA 1 8
10 1 0.98916137941882498 -0.018094328994112334 -0.14418308022575022 -0.021061816187482558 1.7289929246427811 -0.42294955734097861 2.4160077784231344 1 CAMERA 1 10
11 1 0.9996790981025353 -0.016974182705093901 -0.018729086329482843 0.001673100014506556 1.0491536937677073 -0.33904742164406315 2.0050205096115183 1 CAMERA 1 11
12 1 0.99862750829615687 -0.0250974876551915 0.043652506523559523 0.014410914676644005 -2.8310403294418247 0.22208426205116993 -1.5857462381286149 1 CAMERA 1 12
13 1 0.87541680969775382 -0.019655646962850066 0.47404599299680694 0.092409206060597771 -4.838219585896451 0.0078000572432105064 0.3192008093637731 1 CAMERA 1 13
15 1 0.970645685887918 -0.012848946613324717 0.23531984864551983 0.048025262847285741 -0.51882848433541584 -0.27428820965291034 1.7009639677070443 1 CAMERA 1 15
16 1 0.93243736790547593 -0.01282812689951675 0.35421005625373797 0.070222718136524712 -1.2603277226639558 -0.32078289543078559 1.9458078489703383 1 CAMERA 1 16
19 1 0.88698072512216664 -0.01190364669871604 0.453215813454034 0.087857400896144897 -1.8792626469015508 -0.38298513662792116 2.3549717487148851 1 CAMERA 1 19
22 1 0.85764316359420756 -0.011625144050541415 0.50486302440981667 0.097089580026367819 -2.2111583243008952 -0.43579535240662565 2.6658647041378405 1 CAMERA 1 22
24 1 0.65127485740332425 -0.022481735916340839 0.7457715959684087 0.13842094607103544 -5.6405237176639691 -0.40798078485080469 2.5902092670510402 1 CAMERA 1 24
28 1 0.99363184176381236 -0.014856972275571732 0.10888860257883959 0.024865752276669525 0.27331515592815192 -0.28596583483064125 1.7362966094553292 1 CAMERA 1 28
