# 3D point list with one line of data per point:
#   POINT3D_ID, X, Y, Z, R, G, B, ERROR, TRACK[] as (IMAGE_ID, POINT2D_IDX)
# Number of points: 831, mean track length: 3.5824308062575212
1 -0.89131167970545344 -1.2587395878516747 2.5647191248660981 254 251 241 0.73117551977854234 10 38 11 19 6 1161 5 31
2 1.3926474104499202 -2.5887680924056742 6.9731718936751834 28 11 1 0.011835962907634801 10 76 11 37
3 -0.84974337745154438 -1.0803330112679412 2.632015119070596 252 220 176 1.229456319721189 10 828 11 49 6 751
4 -3.2167531278185422 -1.8694818194328613 6.493922299039399 40 32 25 0.13098990083144813 10 99 11 74 28 86 15 81
5 2.0944887919995661 -1.762988254820443 6.0977706965687428 91 77 70 0.38559432671155491 10 114 11 91 5 114 6 788
6 -3.6658392628129843 -1.6728649061308665 6.1726467804480549 143 136 138 0.55991165280385358 10 110 11 95 28 103 19 115 22 114
7 1.6502648101741162 -1.8938390797622289 6.7518487125360451 160 125 93 0.56796766804515408 10 849 11 96 28 931
8 -3.9026334664154931 -1.554918256953181 6.0761220063918495 32 31 34 0.61933183113518953 10 851 11 108 6 84
9 0.044103252347087493 -1.9097062344716205 7.6673033516298323 34 21 1 0.79376235570806319 10 864 11 113 28 949 6 804 15 1635 16 1806 19 2129
10 -2.9918179627340411 -1.4709787877366303 6.7974157952742678 70 60 64 1.0147701072270445 10 878 11 139 15 138 19 986
11 -2.9097415359775214 -1.460757441028943 6.7818131224218199 52 47 47 0.51570892471538954 10 880 11 140 15 854 28 154
13 -3.2572460507624852 -1.2164748334855031 6.6099143990983711 151 147 153 0.32361160323178539 10 890 11 159 28 165 6 161 19 186 22 182 13 305
14 -4.1805095109901478 0.49886397216906642 4.8188987355714596 158 150 141 1.8779120846133246 10 379 11 322 16 324
15 -3.9675418823642605 0.84309558138432539 4.5096583773943291 217 217 220 1.4075960723163454 10 1068 11 399 28 1154
16 -1.0909388883532487 -1.6221596625706898 2.5834842745387099 142 95 9 0.55134179278902096 10 807 11 779 5 759 1 8 3 9
17 -0.84820418910357176 -1.105992904630603 2.0836916242722276 254 241 203 0.4562244357587199 10 810 11 787 6 734
18 -0.97189755255832366 -1.2765663082345797 2.63589215940141 251 237 219 0.30577581829082112 10 813 11 789
19 -3.5506014247071795 -2.4407958270925696 6.1871818742152405 90 65 42 0.22458499349355013 10 35 11 796
20 1.9856853916317967 -2.414918624036988 6.1085806703708441 20 2 0 0.21947937162377293 10 70 11 802 28 1354
21 2.8868405153867762 -1.6188795995110921 5.1825399264393486 142 135 125 0.67684155905968668 10 845 11 835 28 68
22 -3.2906594961044457 -1.8612896326317843 6.4714533744644287 30 19 16 0.54018477075599369 10 839 11 840 28 927 6 1177 15 79 5 791
23 -3.2833628387701408 -1.8537122406689197 6.4483505746381216 30 19 16 0.25799104353764452 10 840 11 841 28 928 6 1178 15 80
24 -0.34358674010218165 -2.059769115839901 7.3147904126807362 125 116 70 0.73259476581532168 10 112 11 847 28 929 6 83 15 1303 16 806
25 -0.82885474347428434 -1.9876510996690901 7.6452323773251365 51 40 10 0.20354356309079327 10 854 11 854 6 792 28 115 15 831
26 -0.83524169369664525 -1.995533842331308 7.6497701506137137 51 40 10 0.90844404975679316 10 855 11 855 6 793 15 832 16 818 19 1422 22 1524 5 1219 3 1054 1 1143 12 634
27 -0.52591571754573585 -1.8699086123730848 7.4938211130823023 123 125 77 1.214234994258711 10 860 11 859 6 800 5 820
28 -0.030681567177588059 -1.9036975164391536 7.5877833001633936 125 116 90 0.53001285552020316 10 861 11 861 6 801 5 818
29 -4.7076111967986538 -1.2690851835194912 5.5426522258120778 120 119 128 0.44712791022051945 10 1303 11 870 15 127
30 -0.36315693383191233 -1.8043615002330053 7.738756276198786 28 29 2 0.539322484413154 10 870 11 872 28 1409 15 849 16 833
31 2.447222894730662 -1.3382467339446324 5.6649902882737155 157 153 152 0.16072032712986839 10 158 11 875 6 134
32 -0.27751051967907586 -1.7246430999310836 7.7433004532600442 11 6 1 0.64211510950314488 10 875 11 881 28 969
33 -0.27751051967907586 -1.7246430999310836 7.7433004532600442 11 6 1 0.64211510950314488 10 876 11 882 28 970
34 -3.0992780766260237 -1.4253852151948152 6.6786254531174416 35 28 30 0.384718786527326 10 1312 11 888 6 1200 15 855
35 -3.0243024370527607 -1.3217328202251009 6.7841607619926112 42 40 46 1.0148137199658482 10 886 11 892 28 161 6 828 16 841 19 997 22 180
37 -2.8205921750323175 -1.2063832157120227 6.9616928969932284 47 48 56 0.96880687976729851 10 184 11 902 15 1652 10 1612 16 1276 16 1576 19 1002 19 1746 22 1875 3 1078 8 656 24 1277
38 -2.9087351874245635 -1.1835134862843617 6.8731389183797722 60 63 65 0.56863027156001222 10 899 11 905 16 160 22 190
39 1.203180293676579 -0.23251212752967074 6.6701832062776791 139 135 131 0.53620364021327493 10 966 11 970 15 335
40 -2.2623886738852645 -0.050360377813159975 6.5904662360458373 132 127 122 0.19103765005371243 10 1392 11 978 6 1511
41 -4.6415089626783708 0.26128837119093345 4.8811254718228874 155 158 161 0.4026088790273134 10 1421 11 1000 16 1344
42 2.0076888864134492 0.25123065942075457 5.5936593205812413 58 45 43 0.53765515023070398 10 993 11 1002 6 305
43 2.0076888864134492 0.25123065942075457 5.5936593205812413 58 45 43 0.53765515023070398 10 994 11 1003 6 306
44 2.3045683208034085 0.33385261745331929 5.0496251699072694 204 191 185 0.34305435192027128 10 1001 11 1011 6 312
45 3.1609423471561664 0.44207538670176738 5.1825434914149247 35 32 32 0.8075446578917943 10 1697 11 1021 5 324
46 2.2567483271773252 0.48960226401415874 4.9686214941060634 92 78 66 0.74435505335675567 10 327 11 1028 28 477
47 2.3013666900874683 0.6297455839704188 4.7415140873409065 55 46 36 0.51711431687009601 10 1024 11 1043 6 965 5 354
48 3.6202629281849168 1.3383480073797187 4.9134515847506863 160 158 157 0.89360893825516252 10 428 11 1107 6 1318
49 3.726315606115536 2.116546296003107 5.426102332323631 117 107 103 0.95850742228717423 10 1102 11 1151 6 451
50 2.0190893104152559 2.5840430047598031 3.8644281139024597 115 105 102 1.7713541330148355 10 690 11 1261 6 566
51 -1.6867984045244744 -1.2630143113895909 2.702946466197949 255 234 199 2.4223513905981324 10 1559 11 1275 6 1157
52 -4.0478069227641429 -1.7970794746527923 5.8735260154595341 41 44 47 0.40946926016814111 11 1296 22 1518
53 -4.0478069227641429 -1.7970794746527923 5.8735260154595341 41 44 47 0.40946926016814111 11 1297 22 1519
54 -0.59042531011230492 -1.8599761568635484 7.5387964478825866 46 43 0 0.71571581007004337 10 1300 11 1310 6 1439
55 -0.58581088028949913 -1.8648510949350525 7.5677117795588904 46 43 0 0.63177040984420629 10 1301 11 1311 6 1440 3 1536
56 -0.098445277394129616 -1.8710704118583026 7.7156396031556156 33 20 0 1.0827853992776413 10 1592 11 1313 28 1959
57 -4.0155658330810367 -1.3575688025924555 5.9666813634033291 169 167 177 0.36536208498602063 10 1305 11 1320 16 129 28 143
58 -0.31842991400778298 -1.7617933714096672 7.7582787671868392 129 128 106 0.3576813651082395 10 872 11 1322 28 963 6 814
59 1.8963205417341835 -1.5067689560529618 6.5194341328874836 31 5 0 0.49724529693294539 10 1309 11 1323 28 1963 15 2088
60 -2.8642620558019289 -1.4971162156535995 6.8066477304401278 155 145 143 0.23446262617786773 10 1308 11 1324 15 1328
61 -3.2675115382301656 -1.1280795888704691 6.6092715058902112 146 146 149 0.51486684394594617 10 1614 11 1339 28 1429 19 1441 22 1544 8 655 13 920
62 2.3389322965040367 -0.92124656137430883 5.2584415070662471 120 106 85 0.3293143219443751 10 1333 11 1340 28 1730 6 1218 5 1247
63 2.335776785820848 -0.9213970486269768 5.2510773699574589 120 106 85 0.20519825405007666 10 1334 11 1341 28 1731 6 1219
64 2.4072804868541731 -0.68369121370719299 5.2702802687596009 186 156 133 0.4155147257711489 10 911 11 1353 28 1740 6 182
65 1.3674879648325771 -0.48356971395414294 6.6456476482171674 232 191 145 0.33975163761501043 10 1368 11 1372 15 1407
66 2.6183404263881336 -0.31510424991783881 5.047142624379056 133 103 68 0.74906344561921767 10 1365 11 1374 6 893
67 2.5454036077550652 0.40938448751264106 5.1666565436738443 22 8 1 0.20430015971332718 10 1415 11 1415 28 1538
68 -4.1791523198867067 0.48273708835350448 4.9216375291532621 57 48 45 1.6083312958309917 10 1712 11 1417 28 1101
69 -4.1791523198867067 0.48273708835350448 4.9216375291532621 57 48 45 1.6083312958309917 10 1713 11 1418 28 1102
70 -4.2190596623728434 -2.0968279542932633 5.7049865118546608 143 126 118 0.82875056882954246 10 1567 11 1568 13 707 24 1079
71 -1.0953002849582394 -1.1383288476272733 2.8688049904091506 252 247 200 0.7569188896642931 10 1267 11 1572
72 -1.0953002849582394 -1.1383288476272733 2.8688049904091506 252 247 200 0.7569188896642931 10 1268 11 1573
73 -3.4178593167504436 -2.0308604810951403 6.3535500851227011 90 68 44 0.4930253706987901 10 1847 11 1574 6 1805
74 2.3746732140987952 -1.874989904101813 5.7351083052104297 90 69 57 0.5419719868907944 10 1578 11 1575 28 1689
75 2.2293960204550327 -1.8119453167733477 6.0007687654505339 68 57 53 0.98817888040922841 10 1582 11 1579 28 1946 6 1647 15 2079
76 -3.9468633967586553 -1.5123210764025155 6.0180008879470943 159 159 164 0.49602784393598831 10 1853 11 1587 6 1648 16 1565
77 -3.9493850131956911 -1.5159678414118731 6.0347666358845338 159 159 164 0.54603441259369079 10 1854 11 1588 6 1649
78 -4.0018800723232939 -1.4393793020309387 6.0016577291302022 26 28 34 0.19737611909461023 10 1856 11 1592 6 1437 28 1407
79 -4.8570130596935783 -1.2431982648414632 5.4345378970745912 113 109 117 0.3217770036020105 10 1857 11 1593 15 1325 19 985
80 -2.821318284939839 -1.4525475075397831 6.8975022924463358 40 33 35 0.80009867096891985 10 1600 11 1603 6 1447 16 1570 8 1034 13 1042
81 -0.85497297493732771 -1.5732979050404758 7.55060706498264 23 17 1 0.98080192824853563 10 1603 11 1607 28 1967 15 1888 16 1986 19 2286 22 2437 8 1288 13 1258
82 -0.85497297493732771 -1.5732979050404758 7.55060706498264 23 17 1 0.98080192824853563 10 1604 11 1608 28 1968 15 1889 16 1987 19 2287 22 2438 8 1289 13 1259
83 -0.30354585152511332 -1.5140608331015153 7.7876272387669001 100 97 86 0.70828238416839095 10 1324 11 1614 28 1724 6 1207
84 2.4016779265755099 -1.0197544567529735 5.193305716151853 112 83 45 0.51099125282357327 10 1325 11 1616 28 1726
85 2.3834281211348056 -0.96403921804913839 5.2089717401965396 184 164 147 0.66536094445826632 10 1327 11 1621 28 1978 6 1213 5 846 3 119 3 1313
86 2.4062099997125705 -0.76833115513775929 5.3193363146065868 174 152 137 1.4562613717102224 10 1340 11 1631 5 1264
87 -2.7400398046508805 0.075460601509104941 6.2597036816300173 210 205 200 1.2150576740949472 10 1688 11 1676 28 1504 16 292 6 1519 19 369 22 395 3 1596 5 1978
88 -3.65770663599233 0.13037227753807734 5.9131220081476918 21 18 22 1.263899996289565 10 1692 11 1677 28 2192
89 1.6780850232339635 0.20510450745168221 6.3465226733625268 56 28 10 0.12140474372363569 10 1401 11 1684 6 1289
90 2.2787187270875373 0.40554742579147446 5.0295249643449687 214 206 203 0.56697916162971107 10 1416 11 1694 28 1810 6 1298 15 1782 5 1335 5 1584 3 1143
91 -4.1486866555348572 0.77863981162980611 4.4920159418468844 176 181 186 0.76742486216421202 10 2093 11 1708 28 442
92 -1.2160977840046006 0.7819423655628106 2.8137812243847891 113 106 103 1.6955645497926806 10 1725 11 1718 15 1780 28 1833 16 1409
93 -0.82511603682627055 -1.0882948641770636 2.0954692435858782 96 68 33 0.087985983442535567 10 1560 11 1831
94 -3.9097947055546585 -1.966874014167374 5.9616324027224072 154 139 135 0.63609710082733906 10 1842 11 1848
95 2.8887772973352477 -1.8134072043619127 5.1642100182166422 146 134 127 0.25666557030107134 10 1575 11 1849 28 1938
96 2.2318028694235696 -1.8966290852229135 5.9943511218029331 180 159 142 1.5671973387864417 10 1851 11 1850 28 1942 6 1645 15 2078
97 2.1306061331937816 -1.6173489988734708 6.177682410467515 188 165 153 0.58155720708041492 10 1588 11 1862 6 1442 15 1880
98 1.7470742806676163 -1.7045829850024778 6.6280229498353886 224 192 157 0.75692108105169742 10 1589 11 1863 28 1956 15 1882 6 1441 5 1712 3 1538
100 -0.41134379845246449 -1.7859577006414973 7.7220056472408558 24 23 0 1.0858456221636592 10 1858 11 1867 28 2153 6 1813 15 2090 16 2118 22 2553 5 1847 3 1675
101 -3.6690107149773925 -1.3608770351074959 6.239393068552368 145 137 138 0.92266422903717504 10 1595 11 1868 28 1965 6 1655 16 1810 19 1736 22 1866
102 -4.0841212361889125 -1.0662235141633434 5.9640620849617765 151 148 152 0.45416705705668881 10 1864 11 1872 28 1974 15 1892 16 1575
103 -3.4633797681559035 -0.91378764961395964 6.5439548536533465 169 161 154 1.0033200694434337 10 2044 11 1878 28 1984 6 1832 22 1888 19 1758 13 1046 19 2007 24 1401
104 -3.4728788600591498 -0.91164534920850715 6.5761700980514979 169 161 154 0.46182957156198284 10 2045 11 1879 28 1985 6 1833 19 1759 22 1889 5 1867
105 2.3284706107827007 -0.011282715987529827 5.2744911929072709 207 195 186 0.7435484406709667 10 1672 11 1904 28 2197 6 1494
106 2.3826673143288364 0.10155667949100919 5.194036574536681 190 176 162 0.75151335577195644 10 1677 11 1910 6 1697 5 1574
107 -4.0344268480929966 0.20801237997952188 5.4000478664094373 81 80 87 1.356545137621989 10 1896 11 1914 28 1781 15 1722
108 -4.0017554255310257 0.32475145286224855 5.4924683718781306 86 85 89 0.82536350131819169 10 1903 11 1921 28 2201 15 2145 16 2038
109 -4.0154815931106906 0.54509680812642225 4.9428849411982521 145 131 120 0.81248175740976614 10 2088 11 1928 6 1866
110 2.3032110650671496 0.61126311621414797 4.8632545141080215 90 81 70 0.48622957175481951 10 2080 11 1930 28 2078
111 -1.490696174447699 0.66553662419037729 2.7282584798808278 145 152 166 1.2801125063509347 10 1917 11 1937 6 1718
112 3.2118948821480497 1.9868942181749951 5.7056549682165425 47 39 36 1.1396902608258979 10 1943 11 1956 28 2246
113 2.3079948342426331 2.2610691407363914 5.1265991484632902 3 0 0 0.70712870328193178 10 1962 11 1960 28 2259
114 -0.88712234015240332 -1.2505569972888273 2.6474102295844095 254 251 244 0.97665864180690098 10 2143 11 1994 6 1912 15 2206
115 -3.4452035181338272 -2.1054347173820172 6.3117785767737127 141 122 103 0.8635196465253141 10 2018 11 1998 28 2144 6 1804
116 -3.255641523550334 -1.836635435241484 6.5037705097686906 56 48 47 0.44329129062809075 10 2021 11 2001 28 2146 6 1808 15 2081 16 1978
117 -0.59612851800909583 -1.7394271128382477 7.5840124429057756 129 116 97 1.9450298581487182 10 2026 11 2010 28 2294 6 1817 5 1849
118 -0.34830833629176666 -1.693089178035655 7.7522231491160412 18 21 2 1.3719969402562813 10 1861 11 2011 28 2155 15 2216 16 2120 19 2402 22 2617 8 1157 12 1262
119 -3.1043215348471884 -1.3919354599184186 6.7019191416556767 48 46 49 0.44042565340578121 10 2028 11 2012 28 2161 6 1920 15 1886 16 1985 19 2137 22 2304
120 -4.5069180463991145 -1.0730537523693908 5.7098696073944515 157 160 156 0.78259808899656103 10 2158 11 2015 28 1970 15 2094 28 2165 16 1815 19 1741 24 1109
121 -4.5099120895499825 -1.075907366084484 5.7190148013757875 157 160 156 0.810042898224972 10 2159 11 2016 28 1971 19 1742
122 2.5087336981209805 -0.3931851657802154 5.1948346294517522 172 161 155 0.5423062998291337 10 1878 11 2036 28 2183 6 1469
123 2.2647438017658743 0.14654226331536677 5.3639397542105272 183 176 168 0.87250786160742255 10 2063 11 2046 28 2331 6 1848
124 2.0958001371819828 0.58533173182085241 4.9373330002129974 88 70 56 0.54599976817181561 10 2079 11 2059 28 2342
125 -3.883624893689221 0.76319834581943413 4.585263462622696 191 187 188 0.5669167086168232 10 2200 11 2067 28 2213 6 2041
126 3.7050357169644688 1.5642204357525207 4.8884690067482452 148 145 150 0.45625448821194897 10 1736 11 2080 6 1538
127 -3.8591127314145788 -1.8311236337404231 6.0386607190134667 31 28 30 0.53832498102200599 10 2245 11 2109 6 2002 22 2430
128 2.1399910414720313 -1.8307092734054597 6.0467824188163748 82 73 75 0.62781705714111435 10 2148 11 2111 28 2401 6 1915
129 2.1703537372267991 -1.8497750508625819 6.1037350508533832 82 73 75 1.0727231090645719 10 2149 11 2112 28 2402 6 1916 15 2383
131 2.5796221934467174 -1.0891817393884378 5.138705129969753 148 133 128 0.88918582151595871 10 2031 11 2119 28 2415 6 1656
132 -0.25241451038883739 -1.5652020422634028 7.7332959356516442 110 100 84 1.2843917444060138 10 2155 11 2120 28 2300 6 1820
133 -0.2524473526612544 -1.5531707306493239 7.7271119469573142 110 100 84 0.91883438022027464 10 2156 11 2121 28 2299
134 2.3377451775731637 -0.80803148751640752 5.2794771780607528 169 158 152 0.52163649618556795 10 2163 11 2127 28 2418 6 1926
135 2.5815386539949046 -0.40910503385709251 5.0787209102775375 122 81 37 0.50836226406801022 10 2050 11 2131 28 2313
136 -3.5524212654809055 0.22591695482055651 5.9781668623439863 92 103 113 0.45965036265200337 10 2191 11 2144 6 1949
137 2.2744474818887204 0.38683040128538249 5.0616939180172498 208 201 203 0.15391131568206859 10 2185 11 2151 6 1852
138 -1.6775145505611189 1.0025860673663736 2.2413555186401282 58 14 0 0.95271400871085632 10 2103 11 2169 6 1747
139 2.8144723394780957 2.0221603776521166 5.5756385754923192 44 39 38 1.5757899412739429 10 1950 11 2173 28 2462
140 -3.3083330762410057 -1.9550174893866699 6.4276775414626801 171 155 150 0.75352029557561517 10 2246 11 2198 28 2282 6 2003 15 2211 13 1308
141 -0.38872110641306701 -1.9686295931491882 7.4886678012092434 49 67 0 1.9352334299465004 10 2253 11 2200 6 2007 28 2474 15 2431 16 2352 19 2562 22 2709 5 2026
142 2.3087359687048723 -1.5897300230807658 5.801244925090435 113 107 105 0.66790492222308817 10 2254 11 2201 6 2008
143 -3.692528537367687 -1.568079502800384 6.1740397647978913 25 27 31 0.78171167932735564 10 2251 11 2202 28 2291 6 2005 19 2399 22 2551 13 1251
144 -3.692528537367687 -1.568079502800384 6.1740397647978913 25 27 31 0.78171167932735564 10 2252 11 2203 28 2292 6 2006 19 2400 22 2552 13 1252
145 2.3899448391772591 -1.438204342837085 5.6950677269314784 174 165 167 0.63037311822130648 10 2153 11 2204 28 2475 6 1918
146 -4.6652355318896443 -1.2156398964575321 5.5682598379842299 166 166 180 0.40018242913676055 10 2308 11 2205 28 2408
147 -4.6544323842217583 -1.2096852996410539 5.5418839474517396 166 166 180 0.43520649858059823 10 2309 11 2206 28 2409 19 2283
148 -4.1202153041915759 -1.2842387836496081 5.9154142030099717 26 27 35 0.54023231985130815 10 2256 11 2207 6 2067 16 2122 19 2284 22 2435 13 1153
150 2.0348756298095605 -1.165756965297662 6.531487327622977 187 171 153 0.9241374046693529 10 2259 11 2211 28 2482 6 1925
151 -2.7980406361641816 -1.1004897348996958 6.9975434366944045 170 168 174 0.91318680001749974 10 2260 11 2212 28 2417 6 2016 15 2329 16 2207 19 2408 22 2560 8 1383 13 1317 24 1615
152 1.8121540116274388 -0.65492878660146425 6.6665743648459825 137 95 50 0.63196522508667041 10 2264 11 2216 28 2485 15 2446
153 -3.4159742890219378 0.11721924852041274 6.092921800325235 75 72 70 1.3297123171190928 10 2269 11 2226 28 2425 6 2035 15 2248 22 2575 13 1331
154 2.6013627667318651 0.35562324984241406 5.0498862054675753 98 89 86 0.12607472188077914 10 2182 11 2229 28 2505
155 2.6013627667318651 0.35562324984241406 5.0498862054675753 98 89 86 0.12607472188077914 10 2183 11 2230 28 2506
156 -4.0566961580189194 0.42934491849908307 5.0581976725349538 204 194 190 1.9963526634079369 10 2337 11 2232 28 2498 15 2340 16 2224
157 1.6462046796972492 -2.2596069912278471 6.7117400981687343 135 108 81 1.6039579480884196 10 2301 11 2280 28 2470 15 2380
158 1.6462046796972492 -2.2596069912278471 6.7117400981687343 135 108 81 1.6039579480884196 10 2302 11 2281 28 2471 15 2381
159 -3.4493956414991285 -1.9351134084583523 6.269410930750861 136 115 90 0.65422833268149438 10 2300 11 2282 28 2472 6 2064
160 -3.901849923155412 -1.441919244710246 6.0799149143252089 158 153 154 0.47137706823058217 10 2364 11 2290 6 2120 19 2458 22 2616
161 -3.2056482860964111 -1.362754395301869 6.6193101656006421 51 53 57 0.79431460466414872 10 2310 11 2291 28 2413 6 2068 15 2325 16 2274 19 2459 22 2620 5 2099 8 1430
162 1.9658565318374375 -1.3459956529049546 6.4799653507584818 246 217 172 0.65828143073156531 10 2313 11 2292 28 2478 6 2069 15 2435 5 2065
163 -2.9040199657632946 -1.3302597835794046 6.8700094330654373 42 48 53 0.68870201348148385 10 2366 11 2293 28 2479 6 2121 15 2385 16 2318 19 2509 22 2654 8 1471 13 1396
164 2.3478246735525858 -1.0757491753486754 5.3155466553107296 159 149 141 2.1439896078513301 10 2314 11 2294 28 2532 6 2071
165 1.8019681095608651 -1.0353618215272704 6.579022466449036 201 145 73 0.93572875372512976 10 2263 11 2296 28 2483 6 2015 15 2440
166 1.5760745029470327 -0.17906953773396891 6.1595125396347798 6 20 0 0.63596736051800196 10 2326 11 2300 6 2082
167 1.5478913920940705 0.047310956924183245 6.3293730293703696 197 195 198 0.1974349303283969 10 2265 11 2303 28 2496
168 2.300821529068934 0.091957163560689545 5.2398808862171906 172 161 149 0.64964750217252742 10 2328 11 2305 28 2542 6 2084
169 2.4359368464585045 0.45157404878360174 5.0654425345662109 55 40 25 0.81150973984302255 10 2270 11 2319 28 2553
170 -4.3024228528794701 -2.1667031010551678 5.6473786079574699 157 148 141 1.2363110915219679 10 2413 11 2351 28 2527 13 1353 22 2610
171 2.9204070450314221 -0.90947890161751688 5.0654287467330157 151 146 139 1.9093820615796708 10 2367 6 2122 3 1908 1 1709 11 2353
172 -3.1542536424054193 -1.1133870083418826 6.813486681955907 179 173 180 1.1228093092890299 10 2422 11 2354 28 2534 6 2156 19 2511 22 2656 13 1398
173 -2.3754857615859506 0.11071153352906103 6.2777277570569776 72 66 63 1.5593657779303325 10 2426 11 2360 6 2173
174 -4.2602061417172443 0.53186124895963571 4.5417983164287161 211 216 217 1.0952250725332493 10 2390 11 2367 15 2396 28 2500 16 2222
175 2.779272383765278 -2.0670885019438221 5.2488708411225851 139 125 113 0.52829534838647974 10 2362 11 2394 28 2598
176 2.18469829271623 -2.1757720319569467 6.0844741950441357 174 151 133 1.1618085088173344 10 2416 11 2395 28 2600
177 2.18469829271623 -2.1757720319569467 6.0844741950441357 174 151 133 1.1618085088173344 10 2417 11 2396 28 2601
178 3.1162288564631275 -0.60956285925312015 4.9974931972914733 122 111 99 1.356340310469573 10 2368 11 2401
179 2.5061030587936308 -0.20816703315941004 5.1190646614140931 161 160 159 1.077099655650851 10 2372 11 2402 28 2584 6 2079 5 2072
180 -4.1625519717596067 0.3719286881681943 4.7522210962188245 77 77 81 1.8259591500981198 10 2432 11 2403 28 2585 15 2452 16 2324
181 -3.7308473227536685 -2.0918990846446563 6.0252118365298228 150 132 118 0.21333864444787282 10 2444 11 2426
182 2.907363132056664 0.045499771554928022 5.2268054711678431 72 58 39 1.7509169309668469 10 2425 11 2429 6 2157
184 -1.1836237223170631 -1.3699072436643731 2.0400888750285682 155 114 48 0.35221324853940617 10 6 28 9
185 2.1337124641441494 -1.9722889253704621 6.0885921916534151 173 150 134 1.1218506352571274 10 91 28 58 15 811
186 -3.186731776385181 -1.8582645369935931 6.5331712878805934 156 145 138 0.3518925274062526 11 83 28 89 15 83
187 -3.1494606552877902 -1.7111046753335093 6.5450514093563346 158 148 147 1.1030035997002554 11 104 28 111 6 786
188 -0.43366742483783632 -0.99311576155730286 3.7423667039578445 28 17 3 2.9877733591109514 11 112 28 116
189 -3.6540415254390126 -1.4868927309427844 6.2381037472128886 20 15 19 0.40534386680733653 10 863 28 136 6 1190 19 147 22 144
190 -3.2841326905473496 -1.5068770954974895 6.4954890473599747 77 68 72 0.89279628198134409 10 868 28 140 6 1194
191 0.99306834703724944 -1.0305307193069242 4.4740635665362207 238 199 167 0.78740780556965739 10 162 28 151
192 -3.0990469326594901 -1.3430400781893379 6.687552976564012 43 40 44 0.40719361371458468 10 172 28 160 5 840
193 1.2805950830150525 -1.1269098267747886 6.6724011708655571 254 240 203 0.84656361121547952 11 176 28 178 15 172 16 169
194 -4.6968305899805358 0.30770743466379641 4.7209530237241166 71 71 74 0.7524688711116978 10 345 11 1405 28 338 15 319 19 326 16 270
195 -4.0902338735096295 0.28936657041584896 5.2600293932083666 75 69 69 1.1225743715923524 10 1422 11 286 28 341 15 337 16 1358
196 1.0691265759815793 0.023519301555407501 6.8262091238362892 181 175 167 0.81460569046571918 10 277 28 352 15 379 16 368
197 -1.7441221528271766 1.5087688553908924 2.2165498716316487 205 205 208 1.7656010612207496 11 586 28 657
198 -3.9259761945015703 -1.9558900045594354 5.9527181117722971 169 157 155 0.53398049709958217 11 1292 28 911 6 1168 19 89 22 75
200 1.9312578486737517 -1.4782900175109777 6.4676196607684551 231 200 165 0.25572383060409976 11 883 28 965 6 138 3 96
201 2.0024565406043044 -1.4279676691836096 6.2742714560842172 44 12 2 0.26990460488151685 11 137 28 967 6 142 10 879 5 161 3 100
202 2.1218194020470564 -1.5223051598695525 6.6922774354138745 44 12 2 1.6583926784913354 11 138 28 968 3 95
203 1.4048140356327434 -1.5909535125130492 7.1094140615983061 65 30 7 0.14423319651922933 10 164 28 971 6 141
204 -2.7716262863048313 -1.4603515605149315 6.9364368135206673 169 161 157 0.32323897906466148 10 167 28 975 6 821 19 170 22 168
205 -4.50278465710785 0.62480740129368229 4.3287839853796566 68 67 63 0.29644249810989898 11 1044 28 1129 15 377
206 -3.8812212192089599 0.65421993720584659 4.6331520696128567 154 148 140 0.49200037850995676 10 1442 28 1134 6 1546
207 -3.9976756720630142 -2.1644097559918265 5.8635390885839049 35 25 22 0.5092287426121862 10 1566 11 1565 28 1362
208 -5.1464637205838857 -1.9156269143962472 5.0281035297283143 89 78 63 0.19032161344161472 11 1557 28 1365 15 1289 16 789
209 1.5786126596302248 -2.1093117949697033 6.7553166861638996 141 109 81 0.60586413298500941 10 1285 28 1375 15 1626
210 -4.9849704429804511 -1.4508497537675515 5.2016933876448874 145 145 150 0.16208789874807994 11 1306 28 1392 15 829
211 -4.8822787741874878 -1.399134290810002 5.3254673295616826 148 150 158 0.60058534586473244 11 1309 28 1397 16 97
212 1.8300845916523578 -1.5027771574140305 6.4698542475672642 236 209 193 0.15632146015288673 11 877 28 1415 6 131 3 90
213 -4.6019281755120449 -1.141824866276012 5.5951919984154141 187 174 165 0.32179289418655693 11 1605 28 1422 16 838
214 -4.6054694496289494 -1.1410782517605758 5.6000232411519111 187 174 165 0.31951980808391911 10 1602 11 1606 28 1423 16 839
216 1.666812717494103 -1.0359568517289437 6.5175404525333223 243 186 118 0.96612840312483284 11 181 28 1432 6 840 10 1338 15 1657
217 1.3216718655599027 -0.51480700373736787 6.7294277447362614 117 84 50 0.41890863776250137 11 948 28 1468 16 1345
218 -4.3867869015132408 0.6316935938887851 4.3553520987393206 172 168 161 1.0232074596535639 10 1447 11 1703 28 1525 15 1444 16 1376
219 -4.2863045359645682 -2.1131184519500121 5.6173043931182258 147 131 123 1.295759713378777 10 1562 11 1837 28 1684 15 1623 22 1040 13 898 24 873
220 -4.3021689393234093 -2.1178796250038312 5.6546811628583891 147 131 123 0.43951449389517661 10 1563 11 1838 28 1685 15 1624
221 -4.780783824882322 -1.4613502696236453 5.3926959813303554 22 20 21 0.57909229580269939 11 1861 28 1703 22 1530
222 -3.6670170441332441 -1.4974993026499137 6.2371784930652243 31 28 32 1.3782018661027919 11 1864 28 1711 6 1438 15 1638 16 1257 24 896
223 -2.8671756915247166 -1.5105335346204882 6.8267697605215867 153 140 138 0.43694596038892325 10 1596 11 1597 28 1714 16 1808
224 -3.0479767129564901 -1.4611116515519182 6.7193588068092707 144 134 135 0.76214870981404492 10 1860 11 1599 28 1715 6 1446 15 1331 16 1809 22 2126
226 -3.6751059820602796 -1.1464641976504917 6.2753465826795942 158 150 151 0.44090798036471446 10 2037 28 1727 6 1823 15 1891 16 1817 19 2001 22 2130
227 -3.1132371414689906 -1.1730627574435537 6.8043694119567206 145 139 139 2.5105381191653562 10 1865 11 1622 28 1728 6 1661 13 921
228 -2.2390548216412172 0.00031820657686865687 6.6052540684423144 126 120 116 0.93591804713432625 10 2068 28 1773 6 1943 5 1973
229 -3.5639211994916384 0.15723091829987609 5.8957056836201813 102 103 109 0.61243967616306061 11 1912 28 1780 15 1728
230 2.1670360671828299 0.17376159257299562 5.4887045195161974 178 167 166 0.46788593990540467 10 986 28 1796 6 932 5 1320
231 1.5111090438746888 0.26802376740674039 6.287405292633248 122 99 79 1.7130539782998746 11 1407 28 1800 6 939 10 1000 15 2161
232 2.2730304316752648 0.40451355777332665 5.0112868059953559 206 198 196 0.11679203016972768 11 1695 28 1811 15 1783
233 -4.9449825204849791 -1.4130814645012606 5.3073987330458063 40 41 48 1.0284214532307472 11 2003 28 1952 15 1634
234 -5.0815309313768067 -1.3538550827589138 5.1684061613154864 174 183 191 0.42363808386568813 11 2005 28 1953 15 1884 16 1564
235 -4.8543553988195933 -1.4037979189384526 5.3592987380616606 148 147 155 0.73176898932908641 11 2006 28 1954 16 1562
236 1.5158655712440403 -1.7578775097471169 6.9269272736441678 215 180 153 0.64543929137635281 11 1590 28 1957 6 1444 15 1883 5 1516 3 1304 1 1347
237 -4.99853837350389 -1.3160992024404747 5.291007104544672 146 150 155 0.54529722337645492 11 1589 28 1958 15 1637 16 1256 19 1727 13 910
238 -4.2812306430833171 -1.0522976215323294 5.8645992602983492 152 145 147 0.61191259326568948 11 2019 28 1973 15 1648 16 1574 19 2000 22 1869 24 1269
239 -0.75782514265165357 -1.4338416973458312 7.8043840395836508 18 15 3 0.85399539663975244 11 1619 28 1975 15 1893 16 1988 19 2289 22 2441 8 1165 12 1186 13 1262
240 -0.75652146597973335 -1.4314080720149989 7.801353240396212 18 15 3 0.81808616728662087 11 1620 28 1976 15 1894 16 1989 19 2290 22 2442 8 1166 12 1187
241 -0.13427020921539015 -1.1981422895841822 7.6551563401558962 8 5 0 1.2060908052318593 11 1873 28 1982 15 1900 16 1829
242 -2.6754388399710383 0.033741759067143703 6.2705224839477003 78 74 66 1.0005315018390866 11 1908 28 2048 16 1863 19 1518 22 1954
243 -3.9219062478139874 0.17623497737683555 5.7204729003015755 90 88 92 0.67062831105204146 11 2047 28 2050 15 1942 22 1947
244 -4.0911403668130335 0.23965198214269687 5.2537619458289768 87 87 91 0.22557849727315496 11 2049 28 2052 16 1650 15 1727
245 -1.419746426783673 0.87331438422907348 2.4833035693820422 151 136 128 1.2180130230045556 11 1948 28 2082 15 2010 16 1896 19 2064
247 -3.2568082121747248 -1.8410750166855667 6.5139059064025835 68 57 55 0.27228551053421346 10 2022 28 2147 6 1809 5 1940
248 -5.0037905686492099 -1.3766342776041249 5.2207267710501828 19 25 28 0.4086617072047406 11 2114 28 2148 15 2086 16 1981 19 2131
249 -4.6884129661387686 -1.4281253267241536 5.442612109169465 26 26 30 0.71682755731730596 11 2008 28 2149 15 2084 16 1807 19 1996 22 2125
250 -3.5893794685199838 -1.5741142454256112 6.2706077339320716 178 164 160 0.80741653147489834 11 2009 28 2150 19 2132 16 1982 22 2298 13 1150
251 -0.42174351092188567 -1.5392474902957625 7.7689272827313065 20 24 4 0.39527535846277378 11 2017 28 2163 15 2219 16 2124 19 2403
252 2.3050052080475187 -0.63063371291515535 5.2543785559997565 163 155 150 0.40670835896044699 11 2032 28 2178 6 1671
253 2.4145832266319807 -0.4977526193069019 5.2081814352818858 156 136 125 1.5484711709598393 11 1888 28 2180 6 1233 10 1356
254 -1.361909728544006 0.61018737778614229 2.7862150607392424 130 95 57 1.0009629636230908 11 2065 28 2215 15 2162 16 2053 19 2209 22 2363
255 -1.2700370531282972 0.87045917172018639 2.5787613103374474 118 103 95 1.1410552415154782 11 2075 28 2226 15 2169
256 -2.8109218807214593 -2.0404849179562339 6.8637478392535147 167 152 138 0.49062928774029585 10 2247 28 2284 5 2061
257 -0.34033139435653809 -2.0892388109024989 7.7874625488845579 57 60 1 1.3290823525292959 11 2199 28 2289 15 2322
258 -5.0734220018900622 -1.1207729145591376 5.2578941237755608 174 178 188 0.41968572240684632 11 2116 28 2296 15 2093 13 1152
259 -0.58744986356045237 -1.5044923030011081 7.8313777466143506 114 109 96 1.7852577927432318 10 2036 28 2302 6 1822 15 2220 16 2126 19 2405 22 2557 5 1718 3 1545 1 1352 8 1293 12 1267 13 1261
260 1.0790794374290189 -0.23447261195196703 6.8250517995713453 67 64 58 0.65708207106037586 11 2223 28 2320 15 2337 5 2034 3 1865 1 1661
261 1.3298168605197154 -0.21304208084145315 6.342016608276686 53 45 38 1.0472287872852484 11 1899 28 2321 15 2252 16 2155
264 -4.6694943506072981 0.52808573876047504 4.543326152714755 143 144 143 2.455390621906397 11 2234 28 2436 15 2343 16 2152
265 0.0047357647208286797 1.0524572525598448 2.2455512883820639 73 64 55 1.0158629525926439 11 2247 28 2454 15 2367
266 -3.4507029809484435 -1.0582113913925351 6.439138676584613 141 120 101 0.24347853996852858 11 2295 28 2481 6 2072 19 2460
267 1.6269493470092602 -0.18896583878518652 6.3116588147144945 4 17 3 0.45197131669904222 11 2301 28 2539 15 2481
268 -1.1305896539516185 0.76759967027099063 2.885846395411634 169 142 117 0.34320224877066446 11 2375 28 2556 15 2500 16 2369
270 -2.8967971347173251 0.12102448466698552 6.2995474366469315 80 74 69 1.286246958499333 11 2306 28 2323 6 2131
271 -4.8271753679327229 0.42814919008649843 4.4037793548254651 74 84 95 1.2517534603406966 11 2433 28 2586 15 2480 16 2359
272 -0.856131183502574 -1.0786510214710925 2.1206226550331175 253 226 185 0.051371125041145313 11 21 6 33
273 -3.6994721757944613 -1.5055950121380421 6.1910939390470974 25 23 24 0.36281224320171945 10 127 6 104
274 -3.6708719522925803 -1.4503067850605702 6.1539068609329055 127 123 122 0.92805834630379413 10 145 6 111 13 731
275 2.6142841142955766 -0.23231232392416479 5.0221929386935207 96 79 63 0.15889956693752086 11 228 6 244 5 257
276 4.3414100613067701 0.37072405352174331 3.6534648352362171 184 184 180 0.56578445436916369 10 990 6 296 5 291
277 2.3109279500619766 0.32938938773528814 5.0539632210917782 220 204 196 0.45779508868282404 10 1002 6 313 5 321 3 251
278 4.1526002311584396 2.443819935458079 4.3401830265877583 88 60 50 0.35773202061183307 10 1133 6 487 5 463
279 -1.1978898564260958 -1.1061390901394605 2.7353893315851825 122 88 42 0.56239409293064369 11 817 6 750
280 1.4986048576847679 -2.171900580477458 6.8752606317611811 179 147 124 0.60603447260498566 28 910 6 773 5 87
281 2.0930769482528531 -1.9264433593026744 6.0608889210568631 44 23 10 0.30333807636396815 10 96 28 1373 6 778
282 -0.28081619082663051 -2.0377871859183614 7.2906450745187001 56 45 8 0.47504810612292375 10 1293 6 782 5 99 3 57 1 58
283 -0.28081619082663051 -2.0377871859183614 7.2906450745187001 56 45 8 0.47504810612292375 10 1294 6 783 5 100 3 58 1 59
284 -3.1179286387840097 -1.5671665476932741 6.6136538547342676 137 129 130 0.67679457871819293 10 146 6 803 15 113
285 -3.5425453305691366 -0.97421531923527693 6.4176461730852123 178 160 147 0.29750214746660369 10 902 11 915 6 846
286 -3.3489549606756257 -0.92154268405986406 6.6287091810875269 175 160 151 0.1779427633402082 10 910 6 857 5 1277
287 4.2405757746118322 0.38037907313456631 3.7420257778544266 43 40 29 0.49630320210162882 10 1399 6 928 5 1310 3 780 1 639
288 1.9883143857758676 0.51716548057867984 5.068572285894728 87 72 58 0.96062825559519427 11 1425 6 957 15 1485
289 -1.3511031397172295 -1.1776583538319099 2.7774545600395419 228 198 163 0.65730281960690951 10 1259 6 1163
291 -3.9286825294937637 -1.9545498121236384 5.9533671657320033 130 119 112 0.32467164462422521 28 912 6 1169 22 76 19 90
292 -3.9381044940296936 -1.7223966184307009 6.0248203707860757 39 41 43 0.47882477554910158 10 1284 11 839 6 1175
293 1.6479596047543785 -1.8351238434985198 6.6610524465131293 231 195 159 0.17531312836003546 10 852 6 1185 1 916
294 -3.160504063248355 -1.5959596352175609 6.6259553740696893 72 65 67 0.63391714290466095 28 134 6 1189 16 113
295 2.4869595838154472 -1.0858014008279899 5.1407349183319759 109 78 50 0.55827253243105213 10 1318 6 1204 5 1234 3 720 1 593
296 2.4337482587498127 -1.0598939992987924 5.1536246778505985 173 134 109 0.60050441765026485 10 1319 6 1206 3 722 1 595 6 827
297 -2.992987344279916 -1.2211507664580099 6.8384906933721412 131 125 125 0.63788600235073345 10 896 11 163 6 1215 16 849
298 4.2817614739564762 2.4056509527081982 4.2376362421018792 21 5 1 0.20555465168058321 10 1768 6 1343 5 1025
299 2.962430333910266 2.615183115323517 3.3509028676509418 144 129 115 1.1752695721420003 10 1992 6 1371 5 516
300 -0.90023089095449527 -1.1936004513327925 2.6833426948901007 226 182 138 0.96670282095623961 10 1569 6 1420 16 1546
301 -3.6640591206851276 -1.6205155121564854 6.2101435338110562 25 22 20 0.22713913286289833 11 1583 28 1395 6 1427 13 725
302 2.1597754712368289 -1.7147476688587462 6.0633921626107439 188 165 150 0.83512122721342463 11 1582 28 1696 6 1431 15 1871 5 1513
303 2.2629848326498885 -1.6430232069132034 5.9768098322750722 180 160 149 0.84965679323209686 10 1298 6 1436 15 1872
304 2.6829268304953646 -1.0582398691474915 5.1337398948969533 117 89 62 0.35814220469829988 10 1863 6 1449 3 723 1 597
305 2.8909567944050987 -0.84608911631376837 4.7807126876100723 165 151 137 0.92258516299783244 10 1611 6 1451 5 1530 3 1318 1 1158
306 -0.78942250096823874 -1.4331636026012522 7.9337972525243705 19 15 3 0.40210960932066003 10 1329 6 1452 5 1532
307 2.3776427849887574 -0.81103675460329261 5.1740708231462493 139 97 52 0.29541176047757056 10 1621 6 1455 5 1257
308 -0.94847385434759635 -0.95659895467599565 7.4959606148655968 20 33 7 0.18961411917068702 10 1636 6 1463 5 1542
309 3.8826564470839844 -0.075929601553062928 3.9868677936165473 181 186 192 0.28362386493288122 10 1662 6 1476 5 1291
311 1.9041609663718657 2.6526234485676254 3.2847499902592672 106 97 89 0.54037981158658899 10 2133 6 1603 5 1655
312 -3.7470807909422108 -1.8071873852839417 6.1383072025248948 134 123 117 1.6171562956830827 11 1851 6 1643 13 719
313 -0.10561277032997717 -1.8551779453052941 7.6422592519959229 34 27 1 0.22979015886270696 10 1593 6 1653 5 1846
314 0.78926125327127616 -1.2631272608670596 8.0469204069744773 110 105 94 1.2242767316449017 11 1875 6 1665 5 1539
315 2.3958900087525778 -0.0028731591070945504 5.2190083207220237 152 144 130 0.78494088773964421 11 1906 6 1692 5 1566 28 2198
316 -3.7570315732574495 -1.7210543513064318 6.1490971307210955 22 20 21 1.101649227235872 11 1856 6 1806 13 903
317 -0.59582611354517312 -1.5008338558728058 7.8447450667279899 104 105 87 1.2198222872771902 10 2035 6 1821 16 2125 19 2404 22 2556 8 1292 12 1266 13 1260
318 2.2000054863095255 0.22366569146566587 5.4241923534485936 102 75 59 0.61925828889135082 28 2333 6 1851 5 1882
319 -3.5290316894357017 0.37971352133917818 5.9189916401306197 80 90 104 0.87990492709253187 10 2083 6 1860 5 1984
320 -3.9255137706512753 1.222437768250664 4.5247904936722971 205 201 202 0.72228149654790064 10 1946 6 1895 5 1922 3 1765 1 1570
321 -1.1155569849815565 -1.121175931060358 2.2823848068748349 249 249 246 0.97576477225116798 28 2273 6 1913
322 -0.85188228356566553 -0.64012304847362123 7.7913260863242844 5 20 2 0.22165318545614429 10 2052 6 1934 3 1798
323 4.3431305141506096 0.041839053370026323 3.6784142306695333 85 88 88 0.50524039964815715 10 2170 6 1935 3 1690 5 1875
324 4.2528545639897812 2.4391917200537838 4.1553528821584624 76 41 19 1.0699879658136411 10 2357 6 1969 5 1989
325 -3.0498825324228638 -1.5508035592951448 6.7195392429659835 134 124 122 1.7438188659897094 28 2407 6 2009 16 2201 13 1356
326 2.9567516921671833 -0.95272157431629445 4.7687677511556643 155 148 141 1.0328035116660361 10 2258 6 2014 5 2029 3 1855 1 1653
327 3.1842105497456759 0.30826542702522197 5.1969853650915834 162 161 160 0.60561214714914025 10 2331 11 2364 6 2028
328 -2.5687481990416199 0.04133229102063779 6.2145251423767434 75 70 68 1.1506182014308375 10 2268 6 2086 19 2195
329 -3.6338863704557212 -1.794880215880245 6.2200327745264303 155 140 132 1.2734542546386085 11 2289 6 2119 19 2455 22 2547
330 3.8969810305314114 -0.23287666960771633 4.1477088753460256 175 181 191 0.48981107985478961 10 2423 6 2124 5 2103 3 1940 1 1735
331 2.6307952918124426 -0.72646562011151972 5.2112665496314161 130 82 35 1.3400183517245565 10 2447 6 2172 5 2130
332 -3.0815103155317196 -1.3129681770533628 6.7417034527287667 149 144 148 0.76241215147244479 10 885 11 153 6 1450 11 1612 28 1722 15 1645 16 1813 19 1434 22 2128
333 -0.95008578485197137 -1.3388135696977774 2.5365002724041559 253 253 253 1.5560155637876936 10 2240 6 2059 5 2017
334 -1.1855874774149622 -1.2768880910084202 2.5634845725624347 255 248 232 1.3435169971401164 28 870 15 24 16 37 19 50 22 41
335 -0.76193984616236754 -0.67342229076253368 1.1569670065690574 180 159 148 2.2059661542805395 6 41 15 39
336 -4.7095578154621895 -1.4924084671225555 5.4219907722200178 131 129 133 0.41037446249346443 28 938 15 95 16 824 19 123
338 -3.6410406809466425 0.32991471045369869 5.8740389005503193 50 40 36 0.39169221509699442 11 1009 28 366 15 357
339 -4.3491569431483708 0.65139735481384353 4.3486280460021964 81 69 61 0.73768879147415145 28 412 15 382 16 988 19 1145
342 -0.27809468319482916 -2.0746047695845125 7.3751466464538664 53 48 1 0.67487836506635823 28 930 15 823 16 1555
343 -4.6758036300792352 -1.5116005180197418 5.4453144802286051 71 69 75 1.1562231819747799 28 102 15 828 16 820 22 126
344 -2.8217795051596259 -1.483621669796561 6.9356008721170523 12 5 4 0.38848061584520466 28 156 15 856 16 837 19 167 22 1094
345 -0.46556873379243624 -1.507074585234532 7.7833096937887936 11 10 0 0.84277637880696565 11 897 28 163 15 862 16 1272 22 1870 12 650
346 -3.5371228858772876 -0.97645734385735783 6.3968160504096474 197 181 169 0.023140056668544629 11 914 15 871
347 -4.1910938020849358 1.022756593615997 4.47904055684804 64 59 47 0.51253856272067677 28 1176 15 1055
348 1.7585832821718506 -1.9931798576177486 6.5081295392613283 170 138 106 1.0661944935630592 28 920 15 1292 3 1047 1 912
349 -3.4146469810827456 -2.048018486370569 6.350957410764642 95 74 51 0.37308883796440084 28 1691 15 1294 16 794
350 -5.0201536434312022 -1.4094171323986011 5.1814777976451794 19 19 21 0.66086552842554092 11 1308 15 1311 19 129
351 -4.7827318959004614 -1.4618885483583903 5.3935972823307123 23 21 22 0.42194611220789091 11 1860 15 1312 16 1253 22 1529
352 2.0576299043954824 -1.4868019609991145 6.3559629284211541 208 180 170 0.64833038142989985 11 133 28 959 15 1322
353 2.1120444994183503 -1.5696244482941573 6.7216951149656277 208 180 170 1.7263396022044208 28 960 15 1323 3 91
354 -1.0579819578190843 -0.81168597456022706 7.8811864548968487 27 30 16 0.4520688401165045 28 1748 15 1375 16 1314
355 -1.0528553466671302 -0.8020463344105967 7.8746842939860047 27 30 16 1.1773415283188458 28 1749 15 1376 16 1315 22 1598 8 496 12 866
356 -0.34233709860438294 -0.44582872822259656 7.9586376488740109 105 108 101 0.77980993583653546 28 277 15 1409 16 1346
357 -0.34233709860438294 -0.44582872822259656 7.9586376488740109 105 108 101 0.77980993583653546 28 278 15 1410 16 1347
358 0.29254565685916945 0.6809240600731713 3.7227133458408086 210 177 150 1.4139780350357503 28 1179 15 1487 19 1587
359 -0.86993213057811281 -1.168397971554727 2.8082356082928603 254 237 182 1.9287102305911334 28 1935 15 1622 22 1508 19 65
361 -5.7724318481829791 0.11571720443969725 3.5629394542438675 20 45 17 0.65045655742424768 28 1762 15 1688 16 1615 19 1782 22 1916
362 -0.42586890643242892 -0.5052511773969115 7.9316149814345573 5 9 3 0.75131169607642601 28 1758 15 1700 16 1852 19 2039 8 692 12 1126
363 -0.48751749107033054 -0.43350349868015875 7.9749394975864014 111 119 105 1.325767962778134 28 2031 15 1704 16 1858 19 1814 22 2186 12 1128 8 1068
364 -3.5445496957956015 0.039511533925986157 6.0479236630329671 172 169 171 0.33035897515916918 11 1396 28 1771 15 1711
365 -0.27870962491587919 -0.20321784236326948 7.9832759159432278 10 7 0 0.37697724751416878 28 1772 15 1734 16 2043 19 2204
366 -6.0449044106255645 1.0466485271731187 3.8410640635006743 97 104 102 0.68612758936494933 28 1825 15 1757 16 1683
367 -2.841286841954441 -1.8981189116889943 6.8105025214849695 152 134 122 0.32184472421754773 11 1857 15 1878 19 2127 16 1979
368 2.1296760994841226 -1.6138782306536581 6.1570871453077016 166 134 109 0.24567487821946321 6 1443 15 1881
369 -4.276405489020596 -1.3767701062035833 5.7591518595475391 153 147 147 1.5341542975291134 10 2025 15 1885 19 1729
370 -4.5660652562925597 -1.1458434969086742 5.651586995974089 112 95 77 0.610068843897696 10 2030 28 2160 15 1887 22 2127 24 1264
371 -0.20750601306995489 -0.55561855509994362 7.8705960399197927 101 98 95 1.0415298252929042 28 2018 15 1920 16 1851
372 2.1328264013360072 -1.8053510039668286 6.1343761022285275 50 38 29 1.0482463685668717 11 1855 15 2080 5 1510
373 -5.0184248247388084 -1.3817531697659775 5.2416153670898327 39 41 43 0.56888834154251022 11 2113 15 2085 16 1980 19 2130 13 1148
374 0.060512841952057674 -1.0700190044678533 7.5877744611376174 21 23 1 1.5138856514924728 15 2099 16 2001 19 2151 8 1049 28 1986 12 1193
375 -0.92875917888236559 -0.97182943698221236 7.4549880785236438 19 35 1 0.71484702794807187 28 2174 15 2104 19 2302 8 1302 22 2565
376 0.058336685610609652 -1.0053796736805141 7.6005861961961525 4 8 0 0.36523168333397804 28 2176 15 2105 16 2132 19 2305
377 -0.37308339744581559 -0.62555959004807882 7.9050441980505903 103 105 95 1.3688951533589087 28 2011 15 2116 16 2138 19 2310 8 1062 12 1214
378 -0.10506065275600741 -0.57374590866850872 7.778009911570309 0 6 0 1.0330294684906494 28 2014 15 2120 16 1850
379 -0.11532592325696771 -0.58678283118024788 8.627615636538124 81 82 67 0.26603822992839199 10 2168 19 2418
380 -3.5797421393609934 0.23709840677516139 5.9921821664145698 102 107 116 0.41056150704534228 28 2196 15 2144 13 1272
381 -0.88707641421994843 -1.2519390069854661 2.6572884710300024 251 253 252 0.5306221211914931 10 2144 15 2207
383 -4.7356340011871696 -1.753334443143622 5.3211262518714824 131 125 125 0.37656771116321203 28 2399 15 2210 16 2112 19 2282 22 2429
384 -3.3171755233819895 -1.9637584593506432 6.4329726093880737 173 158 152 0.86092857793191602 28 2283 15 2212 13 1309
386 -5.8910577328836515 0.5548093297846961 3.807216119673047 109 123 111 0.92276056450160715 28 2330 15 2253 16 2029 22 2326 19 2184
387 -5.7309381030189543 0.96404532009733068 3.7171869921138323 98 110 106 1.1186248549440634 28 2444 15 2265 16 2048
388 -0.66568262316804039 1.1912164160121195 1.6157997350856683 98 88 81 0.81869040351504974 28 2238 15 2296 19 1896 22 1711
389 -0.91815272865440056 -1.3604862793923935 2.6130261769117111 252 252 255 1.0069511384009548 6 2060 10 2241 15 2320
390 -0.30943904125018945 -2.0421804270362998 7.539993215182049 55 59 0 0.638890418845519 28 2290 15 2323 16 2272 19 2454
391 0.049390220717288116 -1.5568808599239456 7.868282343306837 25 32 4 0.76757024546458186 28 2301 15 2328 16 2275 19 2510
392 -0.081950229698977889 -1.0572427370991637 7.6272350143652714 100 93 86 0.81326947227362123 28 2307 15 2332 16 2212
393 1.3963334955620603 0.080152078283808201 6.4642403599203027 12 5 3 0.85987090152537304 28 2431 15 2346 16 2160
394 -0.086503408561401124 -0.7620053618212983 7.6582847347237673 7 16 3 0.67754037878953621 28 2538 15 2444 16 2357 19 2547
396 -4.112874738548455 0.69385959521907481 4.5481237606962619 216 222 221 0.81863199650382934 15 2488 16 2363
397 -1.3151362969318723 0.68603876513609197 2.7524195778036544 15 10 8 0.73008220866848983 11 2437 15 2496 16 2386
398 -0.84413031969168562 -1.5932058459338216 2.5346988213421526 244 198 120 1.0000114983957031 10 8 19 5
399 -0.7582113078128585 -1.3256098573181434 2.7284574589671449 255 242 206 2.6259316310349705 11 788 19 929
400 -1.4257855858842208 0.82402702709264564 2.7002212789838631 149 159 167 0.89534953989415467 11 1084 16 449 22 536
401 0.098288932662518744 0.68999673034998998 3.4474417458349933 192 160 143 0.055734031989878578 15 517 16 503
402 1.0594676894158737 1.5648926904213922 6.6755404964994733 27 8 0 0.88039819037887468 15 1530 16 594
403 -1.0949673143304113 -1.1276267401058897 2.7028356945824963 252 212 171 0.89629566346763745 15 43 16 782 19 68
404 -2.696081643977855 -2.1565223665498565 6.8533291935612208 96 72 44 0.24327623886690575 15 1297 16 793
405 -3.4233819797030827 -1.995799609527044 6.3775119506126394 93 71 48 0.46672800333274322 28 1378 16 803 22 1049
406 -0.51203888445033918 -1.8563789571587472 7.5994840915962278 29 35 0 1.41832381155034 15 109 16 827 22 1855
407 -4.581879811326643 -1.0653667189618379 5.6574643246948613 170 165 156 0.48845185105603062 10 1321 15 1339 16 843 19 996
408 -0.6068018045524386 -1.1762370191349505 7.6582717060265457 96 107 87 0.42871352446630617 15 186 16 869 12 853 22 1898
409 -0.89805798010331495 -1.2288842193715832 2.6932732282143466 254 245 233 0.86279639457572155 10 1255 16 1237
411 -4.6990737007524546 -1.4991469967320765 5.2830788388769232 141 138 141 0.089404941338071905 15 1308 16 1250 19 972
412 -4.9586868324657836 -1.4410290160879156 5.3389581025300545 16 13 19 0.32173006280918565 15 1313 16 1254 19 975
413 0.077467718460814905 -1.6438302975080055 7.8371346052573241 89 86 67 0.87023479022762606 15 861 16 1264 19 1737
414 -1.2385457055653475 -0.26067932778378777 2.7591034279007776 41 46 34 1.3136975711414491 15 1359 28 205 16 1291 19 1466 22 1564
415 -1.2044248942381002 -0.25828352516678887 2.7349419643605639 41 46 34 0.65795153940211359 15 1360 16 1292 19 1467 22 1565
416 -4.8590765551084028 0.8436147835636868 4.0005725367229426 93 93 93 1.5699055271207782 15 1749 16 1384 19 1828 22 1215
417 -6.1379872380091403 1.0944079049893822 3.614106693091903 97 98 91 0.58617490123926586 15 1758 16 1385 19 1153
418 -6.1379872380091403 1.0944079049893822 3.614106693091903 97 98 91 0.58617490123926586 15 1759 16 1386 19 1154
419 -4.7013319665824094 0.97396440288202291 3.9716066134701116 6 8 11 0.22217926366617666 15 1464 16 1387 19 1542
420 -1.2175301352420336 0.69410239981186816 2.9194050915958005 242 224 214 1.0533666641777826 28 1173 16 1398 19 1558 22 1262
421 -0.77294525187094909 0.6718805542996934 3.2448223077848066 134 119 103 1.2400207712253395 15 1073 16 1408 19 1205
422 -0.54203494898269378 0.80397200213701192 3.0543163878060797 196 180 171 0.42642325595749808 15 1109 16 1422 22 2001
423 -1.82758265457028 1.2695872242370456 1.4835312746970211 7 1 1 1.1388236658830064 15 1528 16 1438 19 1236
424 -0.99395635595748377 -0.96601137489730504 7.4381437351202253 23 32 6 0.41473131040511135 15 1361 16 1597 19 1767 22 1909
425 -0.99395635595748377 -0.96601137489730504 7.4381437351202253 23 32 6 0.41473131040511135 15 1362 16 1598 19 1768 22 1910
426 -5.8931036917043365 0.071789770634052938 3.4431422798650284 8 32 2 1.0741185337980144 15 1682 16 1607 19 1772 22 1908
427 -5.8406507917159898 0.094289917558539674 3.4876995060184113 115 134 117 0.35363581389735427 15 1912 16 1610 19 1777
428 -5.8284298533131107 0.093424314552451163 3.4802674160648084 115 134 117 0.34692991462163625 15 1913 16 1611 19 1778 22 1581
429 -5.8414730206338588 0.64339588783155499 3.4543691099057678 93 116 90 0.48186595186035197 15 1960 16 1655 19 1509 22 1610
430 -3.9197892725238948 0.57324421155449223 4.7908614094510265 119 104 89 0.68539421447469484 15 1970 16 1675 19 1531
431 -6.0417585005946632 1.1584491777477648 3.5258510144733104 5 5 8 0.51592003139863218 15 1990 16 1684 22 1646
432 1.0636016500540049 0.39620362346779758 6.325505987802865 62 48 33 0.73626477331149875 15 1770 16 1707 19 1865
433 -3.4567806695862715 -2.1022583580555052 6.3031185067249789 146 121 101 0.97466969206772081 28 1940 16 1798 19 1989 13 1024
434 -3.0811595890997623 -1.3012826051328588 6.7394907117611522 141 134 136 0.79543172625061731 15 1646 28 1723 16 1814 19 1435 22 2129 13 1044
435 -5.8293450702855294 0.1771430737539573 3.6374945979507793 124 139 124 0.59031658577474266 15 1695 16 1840 22 1590
436 -5.874600537985426 0.26762331575785642 3.5701839847364831 113 124 111 0.48287324094749473 15 2125 16 1842 19 2022 22 1922
437 -5.4863539962724097 0.31760712308190564 3.7872735487695768 18 45 22 2.2067362620355202 15 1714 16 1846 19 1790 22 1928
438 -0.49579982956141955 -0.43191486250540634 8.0016937254736149 105 108 95 1.2576561054417918 15 1705 16 1859 19 1815 22 2187 8 1069 13 1201 12 1129
439 -5.9299815617717346 0.96386684783068355 3.5978369337620566 96 104 90 0.62324801288830312 15 1985 16 1877 19 1823 22 1964
440 -4.6499563688953272 0.97669402449181009 4.0346481820140783 168 174 176 0.68187650693765889 15 2158 16 1881 19 2056
441 1.1674737255462062 0.91182663604551051 6.2893096449765098 73 59 44 0.19807409941913467 15 2174 16 1917 19 2086
442 0.87873881452623281 1.4829701582971404 6.7473097684342127 106 58 19 0.036894893378471447 15 1523 16 1932
443 0.89056958355076565 1.8736317471498789 6.9956453898047091 9 0 1 1.1231706923304123 15 1823 16 1948 19 2266
444 -0.49070571363981041 -1.6904887448828181 7.7853213307356359 102 91 74 0.9305451411163147 15 2091 16 1983 19 2134 22 2300 8 1031 13 1255 12 1179
445 -0.5530647528270084 -1.1116074453103204 7.7019026639618744 3 4 0 0.90233885745839659 15 1902 16 1998 19 2147 22 2449 8 1182 12 1276
446 -5.8937978391789354 0.23485050236117336 3.4614662520611184 5 18 1 0.27360035458628718 15 2240 16 2133 19 2161 22 2317
447 -6.2349658096556428 0.47966768625496331 3.4026522860402304 10 26 10 1.0409805678422022 15 2246 16 2140 19 2174 22 2325
448 0.19236024387090281 -0.53146816180011269 7.8064213699362899 78 75 65 0.75875968333717714 15 2128 16 2144 19 2419
449 -4.1044675637944019 0.30064896277617459 5.0105414271902777 77 76 77 0.049774502612427537 28 2327 16 2147
450 -4.6122689513978923 1.0303696049001596 3.9204674296649196 14 6 5 0.50072975578742362 15 2268 16 2158 19 2332
451 1.101180268302498 0.65877626731701155 6.3422205451788312 82 67 52 0.85310437072958489 15 2277 16 2170 19 2230
452 0.22249399937647504 0.7448096503742464 3.6314905419033132 119 76 38 0.88602919533083735 15 2412 16 2243 19 2432
453 -5.6845433110707146 0.21065494352087377 3.7767463286103133 7 36 1 0.72393709269714623 15 2478 16 2279 19 2466 22 2567
454 0.16560190015420595 -0.34820734369227335 7.5714233891222218 8 20 3 1.2177622595391167 15 2390 16 2283 8 1443 12 1431
455 -4.293511229547855 -1.4831546073484692 5.7293486365893251 158 154 156 1.7462773590644141 10 2418 15 2432 16 2317 19 2507 22 2652
456 -5.5078994996757222 -0.031908657452945847 3.5371071510154732 132 139 139 1.0886130156511875 15 2476 16 2322 19 2465
457 -4.6721670488709197 0.76215226488098564 4.0548845620303968 161 169 171 0.43464038244985764 15 2490 16 2360 19 2552
458 -4.1189923937922579 -1.2864847263632813 5.912922814600492 30 32 39 0.52215946526126356 10 2257 11 2208 16 2123 28 2411 15 2215 19 2285 22 2436 13 1154
461 -7.1856845591707001 -2.4676889712006407 2.6452201564486999 89 77 69 1.3540351215910451 16 757 19 25 22 28 24 15
462 -1.6218239091849869 -1.587186797157075 3.2627984242567885 253 240 201 1.2125207589302971 15 786 19 42
463 -0.8724919230533561 -1.1275692981348278 2.0767338804935864 249 228 190 0.54548089741231476 16 28 19 43 22 1018
466 -3.7217946577796703 0.066220567221724869 6.119153196656069 81 80 79 0.77508479292060362 15 948 19 335 22 1946
467 -1.7701793779684105 0.16992404042941786 6.660582787886991 140 119 107 1.0679985254101998 15 365 16 335 19 430
468 -0.85956257478548337 0.82928089300199448 3.0655829963368948 168 158 145 0.36830529298266912 28 536 19 553
469 -0.34072945398346677 0.79361878371512051 3.0751417919765425 125 93 72 0.2363875050949622 15 532 19 572
470 -0.035787832233648689 1.8777794969997335 7.2133678442047104 148 124 109 1.1920777543569732 16 585 19 731 22 1768
473 -7.0093978658457026 -2.3412457078079107 2.5050003108277887 87 80 73 0.73731512351102124 16 17 19 919 22 1491
474 -6.9992782745233182 -1.8014287734296799 1.2788434647188558 193 202 210 1.5659670474218015 16 1227 22 1494
475 -1.4143789468763859 -1.1124364428074738 2.1453139010586395 245 217 171 1.8581817698358793 16 773 19 935 22 49
476 -0.97018190114314395 -1.1682440459952854 2.7720219326644266 255 230 173 0.57552068214998564 16 779 19 942 22 1507
477 -0.95577757025771304 -1.1551327319462104 2.8785293006706789 75 39 3 0.35962188609922202 16 784 19 944 22 1036
478 -4.89382158879868 -1.803428836107634 5.2337512044731263 133 126 128 0.66182685501848915 15 815 16 74 19 954
479 -4.7187480436368832 -1.8330541723541873 5.3979087001204649 129 125 124 0.32084373980132858 16 799 19 955 22 83
480 -4.7187480436368832 -1.8330541723541873 5.3979087001204649 129 125 124 0.32084373980132858 16 800 19 956 22 84
481 -3.8971820782658995 -1.9059617991386122 5.988844062181891 47 33 27 0.8539154021804839 10 834 19 958 22 1845
482 -3.2963609815483537 -1.4892687116251497 6.5506101156023773 47 42 45 0.30294723142075547 11 874 16 131 19 984
483 -5.7629814544534224 -0.30903963569531062 3.6112539592446598 52 70 34 0.12503743622081617 16 868 19 1019 22 206
486 -5.8405396282872317 -0.12155167233628669 3.3469333832995258 30 75 2 1.2438879533119211 16 1593 19 1035 22 1893
487 -5.8091102345135779 -0.1145156858436554 3.412139881817867 123 158 103 0.26752242224179418 16 879 19 1036 22 222
488 -0.29281277133455913 -0.13488333377198281 3.064987480485061 64 62 43 0.64219688409448861 16 910 19 1078 22 1146
489 0.14286986631794832 -0.73145787568460774 7.5081800094868205 1 2 0 1.4588051743997075 15 1678 19 1086 22 1164 8 498 12 450
490 -0.29739820614908774 -0.08647446540824423 3.0704319125497408 49 46 32 0.3892668486765975 16 914 19 1089 22 1155 15 924
491 -0.29711545378348736 -0.087432143858353711 3.0700206546077879 49 46 32 0.34015544272187609 16 915 19 1090 22 1156
492 -20.74374010459648 0.15542275868882319 24.716785692470992 160 158 153 0.36190959511814713 15 952 19 1109
493 -5.8613966287116899 1.0787038327135392 3.9749737295055674 19 18 14 0.24744824977759231 16 358 19 1158 22 1218
494 -0.43813842283465221 -0.12040996907694347 7.4452506472988746 43 60 38 1.6717668211122592 15 968 16 979 19 1161 22 1237 8 530 12 731
495 -6.2182722592582662 1.64216488643953 1.5670603215447154 155 163 175 1.4729024752383337 16 1400 19 1178 22 1241
496 -0.033942129182369128 1.8488990885510685 7.2424147066281472 82 41 15 0.50031462745199673 16 582 19 1309 22 1762
497 -6.5219096496927946 -1.8927684385485655 1.384334875620677 110 112 111 0.34670362625857581 16 1534 19 1391 22 1493
498 -1.1527808153489476 -1.2974715807607451 2.5704604908339963 108 78 41 0.22651700873275393 16 1232 19 1398 22 1496
499 -1.1527808153489476 -1.2974715807607451 2.5704604908339963 108 78 41 0.22651700873275393 16 1233 19 1399 22 1497
500 -1.0090889995416168 -1.2255186905048849 2.7413645774652231 255 249 244 0.47642113796055702 16 1238 19 1403 22 1504
501 -1.2849626306144515 -1.0902835057959346 2.4506960791273831 252 229 175 0.1247915701379495 16 1239 19 1406
503 -0.22031274259586206 -1.5451552928133461 7.7589417455052674 18 16 0 1.1830307412241026 16 1271 19 1437 22 1868 12 648
504 -3.3628804072668084 -0.87628600560571657 6.5720081270619444 104 90 77 0.28416663086900623 28 1435 19 1458 22 1555
505 -0.41513614021314688 -1.156806506422994 7.8701729541343735 120 124 118 0.59226115083337116 16 178 19 1468 22 1902 12 1000
506 -0.41513614021314688 -1.156806506422994 7.8701729541343735 120 124 118 0.59226115083337116 16 179 19 1469 22 1903 12 1001
507 -0.56288811388376858 -1.0162003888554665 7.657655263927027 127 129 119 0.61126633448684642 16 1299 19 1477 22 1134
508 -4.6744178026510417 2.9390645536038904 1.5590151445464053 162 120 71 0.26988049161022803 16 1757 19 1634 22 1735
509 -0.30861637832060812 -2.1109086713301992 7.7789100370420785 34 30 0 0.5509093867322874 16 1800 19 1720 13 902 12 824
510 -0.74111790020098356 -1.6289396429160234 7.3863010490868835 98 92 76 0.52289279305934888 16 1569 19 1732 22 1865 8 645
512 -0.61548288910468285 -1.2901935185114772 7.8853859455947442 2 1 0 0.91552295025090458 16 1280 19 1756 22 1890 8 853 12 995
513 -0.72021046247255727 -1.1322714718932192 7.6794950042986647 21 50 10 1.7660482167745222 16 1587 19 1761 8 858
514 -1.2270406855253144 -0.2736744888764327 2.9949597143854492 184 189 174 0.37796542421950058 16 1297 19 1765 22 1901
515 -0.83163992192255809 -0.20558858877619832 2.5992319437235092 184 186 175 1.7284529503620898 15 1371 22 1573
516 -5.7136353818014989 0.11855595238362368 3.5375351923523697 22 57 13 0.37001661186466167 16 1614 19 1781 22 1915
517 -5.9407347526783374 0.30657187636330896 3.5060200073755174 14 27 7 0.84618770177453762 15 1927 19 1786 22 1595
518 -5.8345759576388305 0.50829479624743412 4.1020535593037781 22 33 20 0.091740649383086417 16 1646 19 1800 22 1939
519 -2.0276506298267489 -0.16456987146596436 7.3120828381131941 26 18 11 0.29883367464951643 16 1651 19 1809 22 2182
520 -2.0276506298267489 -0.16456987146596436 7.3120828381131941 26 18 11 0.29883367464951643 16 1652 19 1810 22 2183
521 -5.6100834182399746 0.88364436188508011 3.8935204025032566 7 24 8 0.51524095617151267 16 1678 19 1824 22 1635
522 -4.7343217213341822 3.0413150351530471 1.4955196906211894 168 120 77 0.74616320251787716 16 1766 19 1923 22 2053
523 -0.0091950888380305344 1.8538002412724175 7.3103831729925055 143 101 77 1.3507424216967914 16 1463 19 1933 22 2273 8 798
524 -7.185683206053084 -2.4655318996462894 2.5753838138468117 8 0 0 0.61231743017003126 16 1792 19 1980 22 2111
525 -7.241880123750942 -2.4912451134633851 2.5905561074433927 8 0 0 1.3109834302415089 16 1793 19 1981 22 2112 24 1232
526 -6.4790777418745673 -1.6997964296133516 1.3964346870251541 203 220 230 0.88432630868105955 16 1974 19 1983 22 2117 24 1074
527 -6.4547111563452582 -1.5259493236882202 1.4352377551444009 252 252 252 1.6899110921877469 19 1986 22 1833 24 1080
528 -0.68785953289218349 -1.9724724086603809 7.5452488582273771 39 40 2 0.73220553557213841 16 1803 19 1992 22 2291 12 985 8 830
529 -0.68785953289218438 -1.9724724086603811 7.5452488582273789 39 40 2 0.73220553557214452 16 1804 19 1993 22 2292 8 831 12 986
530 -3.5030565708426771 -0.97236856583501974 6.4575625291446253 108 87 67 0.46232697261696765 28 1980 19 2004 22 1880
531 -2.6620409299719756 -1.0076505233821851 7.0962986771108456 93 72 50 0.29614905232632477 16 1824 19 2008 22 2141
532 -2.6638402165808306 -1.0326596117938156 7.097818528823832 93 72 50 2.056953677351534 16 1825 19 2009 22 2142 13 1159 24 1489
533 -5.7753346495886868 0.48774445448372095 3.5599275281900917 117 130 120 0.090066351829649019 16 2022 19 2027 22 2164
534 -5.8947802068375976 0.53733846628985737 3.5075678314162699 10 25 1 0.77409096952636069 16 2026 19 2031 22 2165
535 -3.6271061356270144 0.26264091028974013 6.0150065289408579 125 126 133 0.3861851740229203 15 1738 19 2045 22 1960
536 -5.7225870628437105 0.98705724412792473 3.7063574732529423 103 120 112 0.5919385967935451 16 2049 19 2053 22 1968
539 -0.48796947413849645 -1.6904695166617252 7.7807210958755411 87 81 69 0.95392863581115861 16 1984 19 2135 22 2301 8 1032 12 1180 13 1256
540 -0.68137282093470852 -1.2479363306121853 7.6332628035812782 22 33 10 0.89404199891439573 16 1582 19 2146 22 2140
541 -5.891934039182785 0.23448069323167983 3.4624483242806487 9 24 1 0.19149274405859149 15 2239 19 2160 22 2316
542 -6.0550627320406232 0.38542279986083899 3.4625757200622305 96 98 88 0.28820784774555219 16 2139 19 2170 22 2158
543 0.20244653050960618 -0.71215626930699094 7.4934265747957509 90 90 80 0.95459074451433512 16 2012 19 2175 22 2167
544 -0.14480243756230382 -0.57683353550067595 8.2015534898849456 76 79 71 0.82062211021659126 19 2190 22 2342 8 1064 13 1191 12 1216
545 -0.14480243756230382 -0.57683353550067595 8.2015534898849456 76 79 71 0.82062211021659126 19 2191 22 2343 8 1065 13 1192 12 1217
546 -5.9403049333382585 0.74634884297977999 3.4785762293980738 5 15 0 0.93128835059371273 16 1868 19 2192 22 2173
547 -0.26148428737173451 -0.19884605911309952 7.9377732145943449 5 0 0 0.73281741045691628 16 2044 19 2205 8 897
548 -1.7746028887667822 0.29023932954106346 6.2533478692486133 130 121 110 0.30852611501722382 16 2050 19 2207 22 2204 8 1220
549 0.55843407655006372 0.763098983858847 3.3578721692127003 118 74 34 1.6749448308600587 16 1912 19 2229 22 2386 8 1366
550 -4.9440558931923411 3.040256248294865 1.2714593680025892 124 75 34 1.1179425851561391 16 2190 19 2240 22 2249
551 -0.92566143380569066 -1.5751419166811989 2.6267236168609549 249 230 185 0.89508930986728308 11 2107 19 2273
552 -2.6377599728572871 -1.1661287453705291 7.2694287244595213 146 140 126 2.2520212662929913 16 1991 19 2292 22 2559 8 1299 13 1318
553 -0.64006777075417109 -1.2533576856930924 7.7590940428154713 107 105 100 0.71927011752687731 16 1993 19 2294 22 2445 8 1175 13 1319 12 1273
554 -0.92057780774774822 -0.97102595799105684 7.4402225734465128 11 26 0 0.76823720765877324 15 2103 19 2301 8 1301 22 2564
555 -0.10526082221389932 -1.0359933596139757 7.7238456265040991 86 81 74 1.2308375389752171 16 2211 19 2303 22 2453
556 -0.39793777753896387 -0.61642616751496371 7.9761352961944061 91 90 90 1.519347615318128 16 2137 19 2309 22 2574 8 1061 12 1213
557 -6.1460933849188182 0.98121902792615545 3.5100401195851156 22 38 16 1.1001642976326027 15 2348 19 2320 22 2345
558 -1.4335545224856827 0.00091506675975586193 6.8285846079606918 54 38 19 1.5848253578295077 16 2153 19 2325 22 2474 8 1209
559 -0.52825172342436033 0.78935295579202558 3.0635790361966575 182 167 157 0.22596639472983435 16 2167 19 2347 22 2494
560 -1.1305209892262287 -1.2237863663043933 2.4889825533459788 252 252 251 0.57154595835354816 16 2109 19 2390 22 2422
561 -0.15884134675442757 -1.8867264890903437 7.7379972809292648 24 28 0 1.0149211160109366 16 2116 19 2397 8 1282 12 1329
562 -0.57917917623514648 -1.3406374080850259 7.8876409288442293 7 15 2 1.1736094279086764 16 2128 19 2410 22 2561 8 1298 12 1343
563 -0.19427290949096834 0.41714709825592383 1.3749637372248784 200 215 224 1.1755102227747929 15 1989 19 2423
565 -0.57805761267005584 -1.7789901728361215 7.7396568869727611 102 89 68 1.6258510213982929 16 2202 19 2456 22 2614 8 1376 13 1357 28 2293
566 -0.55818889704364238 -1.7692170165577448 7.7098372572234943 102 89 68 1.4541104732374435 16 2203 19 2457 22 2615 8 1377 13 1358
567 -0.22928946855310278 -1.6774492669312704 7.9224338102901868 84 76 62 0.70113903023981583 16 2273 19 2508 8 1379 13 1395 12 1386
568 -2.1900494815212723 -0.25016054738990617 7.055311247822341 148 144 135 1.7543765814187537 16 2218 19 2514 22 2660 8 1479
569 -1.6978662727237035 0.45920110029768657 6.3571312215658269 122 112 106 2.3058026897488131 16 2332 19 2519 22 2701 8 1502
572 -2.8193062038381522 -1.2079540352279248 6.9628372994032244 26 27 32 0.78824841047114869 10 185 15 164 19 1003 10 1613 11 903 28 1428 15 1653 16 1277 16 1577 19 1747 22 1876 3 1079 24 1278
573 -6.0482404280757383 -0.01976637012357732 4.7113792790489804 119 113 97 1.8541485069690999 28 2583 15 2477 13 1399 19 2545
574 -2.7211480592906274 -1.0212926200466246 7.0844319490038838 185 168 157 0.17301061230280348 16 866 19 1025 22 1115
575 -1.0287028617529372 -1.6406181077817132 2.6969350609517471 253 226 181 1.9555917221869521 28 8 22 14
576 -4.2232868958709151 -2.0132539931615905 5.653290846898912 161 150 144 0.93204375911559234 19 82 28 901 22 63
577 -5.2588133198808524 -1.9267805294563314 5.065162210899528 94 85 71 0.13678572003102632 19 80 22 65
578 -5.2588133198808524 -1.9267805294563314 5.065162210899528 94 85 71 0.13678572003102632 19 81 22 66
579 -0.90098058011311322 -1.5361400835533514 7.505839081380473 104 98 81 0.33966901666881311 19 175 22 173
580 -0.23105116986672875 -1.0022710949832716 7.8809213384552574 4 4 3 0.39188258128958275 19 266 22 268
582 -6.5117693261978582 1.6603642086734278 1.759294663539221 206 218 220 1.2569763412882216 19 456 22 490 24 694
583 -4.9352106649675873 1.6876259908356752 0.45802701988205685 133 143 151 0.28732266343237511 19 498 22 519
584 -6.7910229999316343 -2.3519686331859821 1.8198667883715796 11 6 4 0.76860082024861021 19 909 22 1001 24 1227
585 -0.9809104504132411 -1.3260468791523785 2.8517161238027886 255 252 229 0.70854174626886224 16 1543 22 1021
586 -0.77944905950256649 -1.3089037720323375 2.9668289540970867 247 213 158 0.23903035519044258 19 1401 22 1022
587 -4.1498844480453485 -2.1462522845597016 5.7518414025954501 43 35 28 0.4283276231755444 15 1287 19 1407 28 42 22 1042 13 706 24 872
588 -3.5137464565516945 -1.777583138597125 5.8955650840187994 163 154 149 1.4698542714757639 19 107 22 1061
589 -6.1328437591695844 -0.63509726949380629 0.55515169404060927 252 253 254 0.27085372523721452 19 1417 22 1065
590 -6.0588133938682027 1.0453341774832152 3.6367116240241186 0 1 0 1.3783808645180715 15 1754 16 1000 22 1209
591 -2.3650610566572516 0.19954943711726811 6.2278511983399865 23 8 2 0.54817093337863254 16 1666 19 414 22 1217
592 -0.75544545028873189 0.69704030864055 3.2657875540942993 219 211 197 0.65807591577081048 15 1083 19 528 22 1285
593 -0.59279173093108228 0.95388770194579398 8.0298194313786873 51 21 0 0.45333478656968706 19 1240 22 1338 12 937
594 0.68439763502440221 1.2824973682865017 3.5030225764071523 41 33 30 0.78549742796535538 16 614 19 1650 22 1417
595 -6.60331611306861 -0.74542960576695771 0.93503296017089921 190 201 202 0.45852573265210622 19 1416 22 1520 24 1252
596 -0.77850854466329011 -1.9781633029180465 7.5336959735521782 28 23 0 1.2424284491615731 16 817 22 1523 13 720 12 633
597 -3.3932878982713435 -0.90190973571421007 6.5926442291290765 112 97 89 1.5816440968937766 19 1459 22 1556 24 1124
598 -5.9597789931185661 0.20495749630108739 3.3431621761165684 93 100 78 0.40177488813332912 16 897 19 1488 22 1587
599 -6.427940664049423 -2.2525929390734589 1.4081327483811696 17 12 12 0.70242991714731018 19 1695 22 1816 24 845
600 -6.4704812153333222 -1.8244397260086487 1.3550428249819955 176 179 180 0.91748961446738819 19 1705 22 1825 24 1071
601 -3.9216521603495846 -1.9654681497314115 5.9627349782763961 158 149 147 0.121342603834128 6 1640 11 1293 22 1840
602 -0.4516549398748983 -1.7572994347289645 7.7128903584127757 16 15 0 0.71696831796351546 16 1258 22 1863 12 832
603 -0.82134589854750062 -0.83245722572855141 7.7799777492188378 22 29 10 0.50819479394628919 19 1785 22 1927 8 676
604 -2.9859624700933867 0.036946385003525713 6.5673063943329728 74 67 61 0.61564413850989785 19 1519 22 1955
605 -0.17479009104397583 -0.5160365086488985 7.8179745419031432 108 109 105 0.96511408932650378 19 1807 22 1957 12 881
606 -0.84347844713711972 -0.4358334589772373 8.1088497396474608 21 26 14 1.024320193369934 16 1644 22 1961 8 696
607 -1.9240145876470853 0.24337960174342765 6.1955415286457773 138 107 84 1.2431750537359676 19 1537 22 1974 8 918 16 1381
608 -0.48448506786221873 0.79186403613998202 8.4799168734928081 80 56 32 1.3271002074510887 19 1867 22 2013 12 1047
609 -0.34423283847780634 0.76661937556510873 8.4805021759610231 77 54 34 1.4091019658816588 19 1868 22 2014 8 751 12 1046
610 -0.80108818522711644 1.3341106160219101 8.1970596256804491 95 62 30 0.38154404722865787 19 1893 22 2035
611 -0.61034005320528473 -0.4784958490436334 7.2247681984741066 10 19 3 1.4445356689220146 19 1802 22 2175 8 688
612 -2.0668256952934576 -0.23287230385085736 7.2491705560866535 145 138 131 0.55285774803238696 16 1643 19 2036 22 2178
613 -2.3403765543967365 -0.14224918651157578 6.8873196397721301 152 144 140 1.5432299513181433 19 1806 22 2180 8 1075
614 -0.44501170640399795 -0.50104983569178096 8.1556629931926512 97 96 91 0.57372536776425076 19 2041 22 2185 8 691 13 1092 12 1020
615 -2.0497956133458932 -0.096051473480436231 7.4247444356503305 138 126 119 1.2421550664445737 19 2046 22 2188 8 895 12 1142
616 -1.9969368615952552 0.23248235469408043 6.1587273834789134 150 117 84 0.45109190050441761 19 2055 22 2198 8 1084
617 -0.34307707829328854 -1.8085283990035128 7.931176925656648 19 17 0 0.76335577252178188 19 1998 22 2299 8 838 13 1037
618 -2.8093010268979945 -1.4349826855073391 6.8845686263481163 14 10 16 0.4936113258060803 19 2138 22 2303 13 1156
619 -2.9763146436481098 0.086037779607230885 6.3571111218017444 78 74 73 0.24950241382389218 19 2317 22 2340
620 -0.4429609247422675 -0.33827534686778427 7.8922451532909363 3 13 0 0.65647154451816192 19 2200 22 2351 12 1133
621 -1.8920648502492903 0.21950834180456644 6.2493809878492854 41 14 2 0.69946134375016611 16 2154 22 2356 8 1321
622 -2.2248142270056843 0.39050344680192089 6.3539605662010272 150 111 76 0.41190673897784719 19 2208 22 2360 8 1223
623 -3.4280937724380967 -2.1754424633667031 6.3495565518765353 147 127 107 1.6413024907191034 19 2279 22 2426 24 1570
624 -0.72441117977347924 -0.75171267206768466 7.7784120358622255 109 108 104 0.92557026238610685 19 2169 22 2456 8 1188 13 1180 12 1282
626 -1.0693533999989129 -1.1873199252649136 2.0511304256132226 249 231 201 1.2609508395374012 19 2452 22 2542
627 -0.60476296602670609 -1.6088165700732819 7.4275366014202433 6 16 0 1.0002222243296635 15 2217 22 2554 8 1286
628 -2.1071877411240969 -0.092250858140683123 7.301746955393698 31 22 14 1.2321669112171478 19 2420 22 2577 8 1398 13 1371
629 -1.86331377996709 0.6203105007055546 6.2156582746889262 51 24 15 0.071810705828683458 16 2055 22 2582
630 -0.62013044535610939 1.7146327052838086 8.4210400083162966 27 2 0 1.3052848897665394 19 2441 22 2596 8 1257 12 1253
631 -7.3355367770861495 -2.2673379743223983 2.6453456489660385 96 86 70 2.5012545489579487 19 2387 22 2606 24 1635
632 -1.0970877315342882 -1.3131999038681115 2.4524667371076716 249 255 254 0.47226126917474465 19 2389 22 2607
633 -2.4891409498416417 0.10403172801538751 6.3407222797300085 62 52 44 0.69017609043006878 19 2476 22 2629 8 1485
634 -0.087409054821943971 1.7728619743280596 7.2227135348822049 104 44 2 1.0724126204181936 19 2489 22 2644
635 -0.62746342598141858 -0.19601839933786505 7.6626316821540499 7 25 1 0.97314407226832267 19 2477 22 2664 8 1447 12 1436
636 -0.99607122826143402 0.79906019331844536 2.7216601899097408 166 156 150 0.1220092661206941 19 2523 22 2666
637 -0.31873898558411312 0.88302698939591484 8.302000207291151 5 0 0 0.50610313001818341 19 2529 22 2670 8 1457 12 1442
638 -0.29559836165581715 0.87613591143530856 8.2561037172397977 5 0 0 0.34817095964656436 19 2530 22 2671 12 1443
639 -1.0122972505976955 -1.3394027734857004 7.8543094782021168 100 93 82 0.70377860762525701 19 2544 22 2686 8 1473 12 1447
640 -3.0036704719298073 0.24445640842401403 6.0962438633405016 90 84 80 1.7772209723479218 11 2431 19 2549 22 2691
641 -3.0036704719298073 0.24445640842401403 6.0962438633405016 90 84 80 1.7772209723479218 11 2432 19 2550 22 2692
642 -1.7163093294946457 0.26508615331109381 7.2019912046932379 45 31 16 1.0559238598940468 19 2555 22 2698 8 1499
643 -6.0920827331751211 0.27700093882208959 0.63523683711558576 163 158 154 1.3989364220273817 19 2565 22 2711 24 1657
644 -4.634516358112065 -1.8926832288003763 5.3946705885104409 176 166 167 0.24663344581888599 28 2281 15 2209 22 2288 16 1977 19 2120
646 1.9158126710327052 -1.4936740451049544 6.5319585725281959 55 28 5 0.0081695194750222369 6 817 5 152
647 4.193841952865319 2.4273586870570703 4.1478893699175616 97 56 32 0.16678198803574129 6 488 5 462
648 4.222918686288673 2.4982750332303807 4.2881094676367724 138 93 64 0.40247280056377049 6 491 10 1136 5 471
649 4.0312605778422697 -2.3990315074503785 3.3718571356477196 154 140 125 0.57471376796054363 6 20 5 765 3 651
650 4.1054500406041763 -2.351609942044512 3.4251444525648118 152 139 118 0.30856159216815005 6 1154 5 766
651 0.15441638253601722 -1.1270984832797526 7.3329281690410948 32 53 0 0.43070640315598402 6 843 5 863 3 733
652 -0.061763261188136534 -0.97143417694489109 7.6884203213059283 106 109 96 0.22503442617870875 6 205 5 884 3 1096
653 1.9390256346292158 0.31809242569947382 5.4692162865840022 226 213 210 0.50177139062835241 6 1294 5 949 1 989
654 1.9390256346292158 0.31809242569947382 5.4692162865840022 226 213 210 0.50177139062835241 6 1293 5 950 1 990
655 5.6604393114852707 2.7580569238097801 2.7321889590264186 11 3 2 0.71379577697339069 6 1050 5 1030 3 875 1 715
656 -2.7575264317896178 0.90130129917750701 3.0023372003137982 138 88 54 0.7536968705778776 6 461 5 1040 3 1202
657 4.977237061203458 -0.97719410449102795 2.6538096524256201 175 172 167 0.50309875236320789 6 1433 5 1222 3 1061
658 2.5015353310874011 -1.0929533046431399 5.1576566453924073 112 79 47 0.34347576634603572 6 1203 5 1233 1 592
659 -0.18676217431144373 -1.0879499992690556 7.6255578024781254 88 84 74 0.64698875000338141 6 1461 5 1268 3 1331 1 1167
660 0.11065575955082471 -0.74449931750758425 7.5347850363020541 25 24 9 0.87459269452601807 6 1240 5 1292 3 1351 1 621
661 4.2274442397701009 0.32775863876536382 3.6423457235513435 43 41 29 0.41169575341343706 6 1276 5 1308 1 633
662 4.1833108353672213 0.40049826320566212 3.6138481795300392 49 47 37 0.25309269452231381 6 1502 5 1313 3 1131 1 974
663 -0.27472698629908071 0.42484001512277325 8.139966283462293 20 16 8 1.3702397490202314 28 1530 5 1358 3 1412
664 -0.27472698629908071 0.42484001512277325 8.139966283462293 20 16 8 1.3702397490202314 28 1529 5 1359 3 1413
665 -3.7757309805828845 0.61928795264816128 4.8167707414550778 188 179 171 1.0244561824954026 6 1542 5 1393 1 1273
666 3.6056796913541738 2.3218044890466976 2.4221708680056939 97 43 5 1.6251312456312768 6 1577 3 1188 1 1038
667 -3.8912358178504287 1.0935922411744292 4.5581023374403697 182 176 171 0.9895582162897405 10 1082 5 1436 3 1240
668 -1.2632821399067071 -1.1585140509699086 2.7597112442327254 246 221 179 1.1674253990116272 11 1563 5 1496 3 1038
670 -0.92675571124321643 -0.57179060694438255 7.9029586836032051 101 102 92 0.51678626194157162 6 1487 5 1560 3 1369
671 -2.7541532412469887 0.86400266881425536 6.1843420620480929 2 6 12 1.1807038578810169 6 1728 5 1616 3 1732
672 -2.8279061327293227 0.95526178351088786 6.0552318739975464 191 193 197 0.77461919899719456 6 1329 5 1621 3 1612 1 1437
673 -2.7711481656066619 0.99388302242993465 6.0719966312252103 88 86 89 0.64964618652864414 6 1551 5 1622 3 1459
674 -2.6899182467083231 0.86118626977137247 3.0778396685399954 148 100 63 0.26809365031234889 6 1022 5 1625
676 0.33276645913946873 -1.2083016504046626 7.4412777155729977 48 55 16 0.53573917164744844 6 1664 5 1721 3 1326 1 1356
677 -0.1920863818113514 -0.99015081095601343 7.6366063963103237 2 1 0 0.20329030254154662 6 1673 5 1727 3 1554 1 1360
678 -0.32821954933844472 -1.8421274388254412 7.4928227635604232 112 103 79 1.635438895572161 6 1811 5 1844 3 1674 1 1343
679 -0.11201177893465669 -1.8440574228843984 7.6317506804706268 27 23 2 0.48267058017723091 6 1652 5 1845 3 1783 1 1590
680 0.036734324337605477 -0.96357436650545947 7.6733513968399603 9 23 0 0.4171402057093066 6 1834 5 1868 3 1686
681 -0.34563834482823635 -0.93614611412927384 7.8454185410089874 7 4 1 0.97923343031139698 6 1836 5 1870 3 1688
682 2.5679897000615517 0.3724610917915554 5.0365124390718137 100 84 76 0.45354811374757609 6 1940 5 1883 3 1580
684 4.1863697721788178 0.20097878733321367 3.6443546741092212 180 180 180 0.40617157986270946 6 2024 5 1960 3 1795
685 -0.55538658687808229 -0.44566991424284369 7.8399912101967324 97 100 88 0.44773938749563252 6 1844 5 1961 3 1802 1 1607
686 0.21735775226840454 -0.32377994386419973 7.6428417786826355 30 39 17 0.22762214964599506 6 1936 5 1962 3 1866
687 0.21735775226840454 -0.32377994386419973 7.6428417786826355 30 39 17 0.22762214964599506 6 1937 5 1963 3 1867
689 4.0644654332662444 -2.3320174739692665 3.3416466837508585 147 132 117 0.23717765018800088 6 1999 5 2016 3 1775 1 1580
690 -0.2213213125755851 -0.86222551386719304 7.7825263433806509 88 81 74 0.28925262717610223 6 1932 5 2030 3 1859 1 1658
691 1.9039187426724571 -1.324643446854066 6.395634123744931 245 213 168 0.41512781710704444 6 2070 5 2066 3 1907 1 1708
692 3.0075071637320212 -0.677553780127226 4.8702474079140403 145 121 87 1.0135722013365167 6 2073 5 2069 3 1909 1 1711
693 0.34357765656961475 -0.82540696365219168 7.4609942139962167 24 32 5 1.5175362577019953 6 2077 5 2070 3 1910 1 1659
694 3.093873248184591 -0.14158737938783342 5.0618451821776809 162 166 160 0.20860136507692709 6 2080 5 2073 3 1862
695 -2.0143924256680732 0.1482911334982695 6.180209085940982 202 193 184 0.94628340428611557 6 2087 5 2076 3 1946
696 -2.6432973450482944 0.17793464249740384 6.3671883790177235 192 190 185 1.6914941159481274 6 2091 5 2109 1 1744
697 -2.6432973450482944 0.17793464249740384 6.3671883790177235 192 190 185 1.6914941159481274 6 2092 5 2110 1 1745
700 -0.6895349572011451 -1.6639629666798206 7.7783265312362797 22 25 4 1.7225620453112485 6 1921 5 1944 10 2154 11 2117 28 2297 15 2218 16 2204 3 1786 1 1594
701 -0.93049073103643642 -1.5866975772665306 2.4390651917956139 254 222 152 1.3223686629424301 6 725 10 806 5 11
702 -1.2352174788541135 -1.1842624893657645 2.7496639346525353 168 127 75 1.2860264490125206 11 804 5 48
703 -1.2352174788541135 -1.1842624893657645 2.7496639346525353 168 127 75 1.2860264490125206 11 805 5 49
704 -1.4617177210912859 -1.5489577944456365 2.6461608316578076 136 97 41 0.24703092171178179 5 763 3 10 1 9
708 -1.0838409577261772 -1.2515630292250508 2.9059970922167988 254 242 211 1.0237121398942424 15 35 3 32 1 33
709 8.6493377495646993 -4.9282806329769775 12.551012979341678 13 7 0 1.2678795259855464 6 745 3 37
711 2.1226024209687226 -1.1890968977735101 5.0992021365453031 40 37 29 0.15224083620846754 10 1310 3 102
712 -0.76266658921366082 -1.2624789070139468 7.7320933363819924 11 17 0 0.50631238997614425 5 199 3 138 1 606
713 -2.7234956004447688 -1.0107468868004443 7.0577995651109031 147 132 120 0.60721652502047629 5 878 3 155 1 128
714 1.2494022764657184 -0.51374735126815141 6.6503702487278824 111 69 23 0.38627656342433431 5 255 3 194 1 146
715 1.3280796333994058 -0.51768024552062886 6.7290217862622139 111 69 23 0.12839510715452818 11 949 3 195 1 147
716 1.201051048419469 -0.23369604596391072 6.6394518770672919 127 123 122 0.43286123199378435 28 309 3 225 1 180
717 1.1033119922361658 0.12028641474252846 6.9712473314567802 110 82 65 0.54207120728727798 5 948 3 263 1 202
718 -1.8081032631749567 0.84727935753573802 2.9799353860647568 164 170 166 0.048639245504951342 5 434 3 379
719 -2.6598644402312903 0.85694573029630827 6.2292542346153068 118 125 131 0.7899663508778465 5 1022 3 401 1 306
720 -0.83646114908634583 -1.0801003813606653 2.5437290319210932 88 62 17 1.866411223670507 11 815 3 669 1 44
721 1.7496983122116649 -2.2874002782277501 6.468697329271456 166 136 111 0.24776677225545299 5 789 6 761 3 677
722 5.2988211165102079 -1.4377044317988745 1.8651004007993099 119 111 95 0.45510014797839965 5 1197 3 678 1 49
723 0.20401188425370637 -1.0852640398117652 7.468460008628135 124 130 100 0.66247194966522926 5 866 3 735 1 608
724 1.2600512339504135 -0.35118337248163972 6.9676914865338198 156 125 97 0.47311234215855746 5 918 3 775 1 636
725 -0.39049417707956902 -0.47246878540120313 7.9423469013124359 4 5 0 0.53421650277356669 5 932 3 786 1 647
726 1.4594671754428119 0.085001602672326357 6.6657583893623817 82 49 26 0.27953843113881144 5 317 3 800 1 200
727 0.84702934532376051 0.2122434465671646 6.6499098067851152 118 109 100 0.44892542259330565 5 1340 3 810 1 996
728 -2.2902005762660602 0.96229359049690677 6.0155773340703966 27 32 36 0.68825184553920815 5 450 3 888 1 307
730 2.6242408200740934 -2.2690019389840295 5.3035947535291426 0 0 0 0.58696907448796831 10 817 28 1346
731 1.6827736323715545 -2.0616024180604389 6.5954137402190991 128 94 66 1.7910455337280868 5 803 28 1376 3 1045
732 -0.77079815002517549 -2.0199042044993036 7.7812407492538878 34 22 1 0.087179859240166802 5 1218 3 1053 1 1142
733 4.751686230831071 -0.94561288512212083 2.5816591299733473 182 179 173 0.50876793819818966 5 1223 3 1062 1 923
734 -0.53291672194793271 -1.4930876701715554 7.8921653309237216 1 3 0 0.40032952037850578 5 1242 3 1068 1 600
735 2.8369954273729694 -0.79145347100647601 4.6638712147758081 133 116 104 0.28203230031952764 5 854 3 1073 1 938
736 -0.25767802843610849 -0.76167740321637289 7.8950000108986531 85 87 77 0.71426150810939182 5 1294 3 1119 1 1183
737 -0.20226827015913751 -0.41692763556688167 7.3697845539181586 17 17 7 0.86614388865147918 5 283 3 1134 1 980
738 1.4609018700611456 -0.0065983987341835231 6.3931951426855527 144 126 113 0.29720759436201266 5 938 3 1137 1 982
739 -0.26111939426638819 -0.060141465309009698 7.9682274382730274 109 109 100 0.20867916963476205 5 1336 3 1148 1 997
740 -0.26111939426638819 -0.060141465309009698 7.9682274382730274 109 109 100 0.20867916963476205 5 1337 3 1149 1 998
741 5.4064097204980941 2.6994788673768078 2.120511488832427 163 157 156 0.93243222738385345 5 1400 3 1186 1 714
742 5.2879368558968158 2.8157387382017816 2.7085238590608554 139 97 71 0.79760740240588446 5 1782 3 1191 1 1039
743 2.2240556731105086 2.8933227309259468 0.83364818290960263 13 1 0 1.4459455003136674 5 1135 3 1228
744 5.3817892610779596 -1.4644521774914976 1.827565454322299 52 42 26 0.62373060033789685 5 1707 3 1282 1 1133
745 2.6813635548285832 -1.1447608315313227 5.2108503886293542 146 119 103 1.1959745255660847 5 1524 3 1309 1 930
746 -0.24901597256668387 -1.0721190641837663 7.529905040233551 88 86 75 0.37844905049557198 5 1269 3 1332 1 1168
747 -0.21739877410460087 -0.74779330581664805 7.7048957388652211 3 11 0 1.2745919682758811 5 1739 6 1238 3 1353
748 0.038771652896804329 -0.6738751195495678 7.4450800964625001 89 89 80 1.28846324101792 5 1297 3 1354 1 624
749 -0.37422824115706732 -0.71390845089162502 7.9281915825354741 92 95 83 0.5041410531021876 5 1553 3 1358 1 1190
750 -2.049695667175242 0.81506611742912094 3.2927744005768549 173 120 79 0.80972091019923498 5 1384 3 1440 1 1417
751 2.3644129992485197 3.0881166648399878 0.96149512237005441 81 45 25 0.53596314767912856 5 1820 3 1492 1 1291
752 5.4041067622857009 -1.3828369570801347 1.7714555037235071 131 120 107 0.54237677739348411 5 1834 3 1528 1 1134
753 -0.57233078245228231 -1.5411130631531766 7.84528573873932 107 109 98 0.84094675258760587 5 1717 3 1544 1 1351
754 -0.50227410611605672 -0.87622849299664074 7.7844771934528669 90 91 80 1.2739969282568733 5 1731 3 1564 1 1181
755 -0.51238234816017303 -0.75406114270713909 7.859604824513351 8 12 0 1.029823783454443 5 1873 3 1569 1 1502
756 -1.1878773052426361 -1.274640348593616 2.7657879985264224 249 254 254 0.4757155019914428 5 1829 3 1661 1 1486
757 5.4307709553002024 -1.5404918380236805 1.7453678397333998 132 121 106 0.42109460838559659 5 1833 3 1666 1 1341
758 2.5270052148353912 -1.3006255728024054 5.5390298630744521 147 139 126 0.63906838773547792 5 1850 6 1818 3 1678
759 -0.34339597452970466 -1.5884079514105711 7.4386584226365366 106 92 81 0.62288359996864795 5 1853 3 1680 1 1592
760 -0.34339597452970466 -1.5884079514105711 7.4386584226365366 106 92 81 0.62288359996864795 5 1854 3 1681 1 1593
761 -0.37090529282093382 -0.91828374958337222 7.8056006152453747 3 2 0 0.88177391964946228 5 1869 3 1687 1 1603
762 4.2546563919907578 0.3929010648464889 3.6733469891720039 114 110 101 0.18191311423289788 6 1849 3 1701 1 1507
763 2.0597374128232184 2.1107361574463783 0.70538301539769599 32 15 1 0.53309190609599177 5 1913 3 1733 1 1536
764 2.5131076368042655 2.9182530086546263 2.0918894621293953 117 74 55 1.0997505347805774 5 2009 3 1749 1 1447
765 5.3637438320268922 -1.9882185829972687 1.6642450036098382 124 113 101 0.8417830452303936 5 2059 3 1777 1 1582
766 -0.15253196571787397 -1.2928945478932208 7.536687849664208 93 85 71 0.27503474133767458 5 1859 3 1789 1 1596
767 -0.11492317802349415 -1.0713640235073287 7.6143162084950937 88 85 75 0.17888071288751681 5 1947 3 1791 1 1598
768 -0.11492317802349415 -1.0713640235073287 7.6143162084950937 88 85 75 0.17888071288751681 5 1948 3 1792 1 1599
769 -1.582058280271945 -1.3688137941393801 2.9254780092043147 252 231 200 0.88150721199504534 3 1848 1 1702
770 -0.26554526373927029 -1.4219327180408172 7.3296079966535448 11 20 1 0.36468586675154774 5 2028 3 1854 1 1595
771 1.5998179289126306 -1.0375411215456962 6.2668234936605103 188 160 135 0.47732657064166895 5 1946 3 1857 1 1710
772 -2.0904122308883202 0.073117892284308941 6.4021648219888121 95 76 67 1.3911344811068835 5 2040 3 1875 1 1613
773 0.57295242497436716 -0.56026952596532076 7.9844837049290414 123 128 133 0.67281567560773003 5 2074 3 1913 1 1712
774 -1.4945821219593811 0.87625871566157409 2.9276172793917379 231 243 253 1.3531571569317844 5 2113 3 1952 1 1748
775 0.82550590948927638 -1.10790992401519 6.7911282011899639 167 151 136 1.3394970249771516 5 2128 3 1967 1 1733
776 -0.47536351092193707 -0.20959519341096811 7.5610741437367439 5 23 0 0.62829437136889821 5 2106 3 1969 1 1763
777 5.5997005573235761 3.0832802242227788 2.3658298453372892 130 85 59 1.4381139233539952 5 2115 3 1976 1 1749
778 -1.6266319797095214 1.1340585671124221 1.8597708851730537 161 110 64 1.0636204665668891 5 2157 3 1977 1 1750
779 -2.7392520345293447 0.075755915030154747 6.2611955735368099 203 199 193 1.4363901144953752 5 1979 3 1597 28 1503 6 1518 16 291 11 985 19 368 22 394 16 2037
780 -0.779248988361816 -1.1430027958586182 2.1392323034969798 247 218 177 0.50715650418062297 5 34 3 29
781 -2.8637283595124288 0.097425337268023535 6.4262395380299235 64 61 60 1.0215515453796702 3 1997 1 1786
782 -2.8637283595124288 0.097425337268023535 6.4262395380299235 64 61 60 1.0215515453796702 3 1998 1 1787
789 -1.6868870734823687 -1.4568853417156413 2.6932322157748572 144 117 75 1.3972361655410008 3 13 1 13
790 -1.3655936454454733 -1.1377183614237574 2.187366884139851 255 243 216 0.26275416428603982 3 653 1 27
791 1.8046665951572307 -2.4143499078136657 6.2351303396361715 21 8 0 0.080106689612027854 3 38 1 41
792 3.7628053665252952 -0.3535063650407414 4.1966406892156201 181 181 183 0.36585473222559856 3 1091 5 881 1 125
793 -3.5258742764744597 -0.67607751684096851 5.0740734760380768 117 105 98 1.2887380086979854 6 192 1 136
794 5.364439242655541 0.442104645274849 2.1958786286713621 53 59 64 0.47643776002466215 3 202 5 914 1 152
795 -1.2491531813252414 -1.522574146723896 2.3828858693715511 143 92 27 0.49202269147579741 3 647 1 532
797 1.4738846352758395 -1.6100404904260996 7.1849504782443896 59 36 16 0.042609676052381848 3 94 1 590
798 2.6128287646187536 -1.0874687485099042 5.154482610703516 159 132 115 0.22197114703526546 3 721 5 1235 1 594
799 1.6107120246104947 0.19897708520518934 6.2672551217962624 66 44 34 0.41013125303479586 5 946 6 311 1 658
800 2.1734663149891977 2.870484888270584 0.86979319053412851 93 55 30 0.53318242586041842 3 1229 1 786
801 2.1734663149891977 2.870484888270584 0.86979319053412851 93 55 30 0.53318242586041842 3 1230 1 787
802 -1.2225080558610677 -1.1386697819027469 2.3523160537088912 254 242 212 0.67522140309029577 3 1664 1 1131
803 2.3501164059532158 3.1315568935243885 1.0422896551666896 0 2 5 0.95816007522653468 3 1758 5 1929 1 1453
805 -0.41698498512906518 -1.9707098885655703 7.3184953668664479 45 49 0 0.33606962417828962 3 1782 1 1588
807 -1.3497539340264004 -1.3785223014128412 2.1710826438165727 255 229 193 1.3709225000546499 3 1657 1 1485
808 -0.79340881781119743 -0.76237228026559356 7.4435356356629327 31 27 20 0.83846813372194662 22 1597 8 495 12 865
809 0.006310203377412677 0.55565376151020052 4.2694000843394111 186 158 136 0.24950314859259987 19 546 8 572
810 -0.29104606335466271 -1.5761587619861592 7.7684269520290803 145 144 115 0.45733310252117138 19 1999 22 1867 8 648
811 -0.72319140860861508 -1.3332155769920757 7.6747032677700551 129 125 107 0.54287416807654187 16 1278 8 850 12 1093
812 -2.1947787448153306 -0.022769105018438963 7.5220206315922367 9 4 1 0.63638596979271644 19 1822 8 900 12 898
813 -2.1947787448153306 -0.022769105018438963 7.5220206315922367 9 4 1 0.63638596979271644 19 1821 8 901 12 899
814 -0.61004612187424456 -1.2436738996680048 7.6991195976461366 124 126 112 0.16289854391233224 22 2446 8 1176 12 1274
816 -0.51521598218904974 -0.2639537842672699 8.1834216846989527 143 141 132 1.2111762053043404 22 2478 8 1202 12 1136
817 -0.79646392360792706 -1.6891953034843727 7.7858728008047704 31 30 14 0.75326557275440442 19 2401 22 2555 8 1287 13 1360 12 1333
818 -0.77875166079972258 -0.56763411953433573 7.4717912350152238 31 37 17 1.0729710416635037 19 2468 22 2621 8 1391 12 1398
819 -0.89046598192433568 -0.4199534383883643 7.9633676232537463 147 142 134 0.53531586099861594 19 2472 22 2627 8 1394 12 1402
820 -0.86463084376003918 -0.41894322585231336 7.9191435941545096 147 142 134 0.67242362512012266 22 2628 8 1395 12 1403
822 0.52995665908931733 0.45515102789688039 4.6184840828458249 0 0 0 3.2778390887780624 19 2577 22 2667
823 -8.621205339603728 -3.617236693466785 10.115191194855537 151 131 110 0.15678842684466723 15 812 13 267
825 -1.5954664009571649 0.68270349761051363 8.4560642727678648 138 117 93 1.5185895295967278 22 1303 13 641
827 -4.430326946952909 -2.2817551367482833 5.4846103584647858 95 82 70 1.050308598060719 15 1278 13 703 24 860
828 -4.5293080355555189 -2.0397420364478354 5.4941696416513821 159 148 138 1.9059060662757268 22 2121 13 708 24 1082
829 -0.3967029876539151 -1.8397347944776099 7.9107855889052576 112 113 79 0.34746198166882536 19 1427 13 730 12 638
830 -2.7667780806653535 -1.0271456701617703 7.0943212795243777 207 194 198 0.45727598273152448 8 665 13 751
832 -1.5692174354618051 0.76420114013831708 8.4276891684524653 106 86 63 0.8884710820117232 22 1678 13 851
833 -1.4956133442240638 0.85606866970705264 8.5476677374761696 130 108 86 1.5438863184351128 22 2372 13 990 12 1159
834 -0.31741738177106871 -1.955799859892005 7.8865624439972359 32 36 2 1.7271238492537884 8 639 22 1854 13 1031 12 987
835 -1.9843811178856443 0.42232437540811835 6.2344860813727889 151 119 94 0.86354958745365007 19 2059 13 1224
836 -3.6122716775639256 -1.724689027579434 6.2310220195932589 175 174 186 1.1319289510941053 10 2249 28 2404 13 1250
837 0.53376475929780465 -1.8429429546537111 8.6164711245730441 108 104 101 1.2554671111686659 8 1160 13 1362 12 1181 13 1315
838 -0.01837174426159574 -1.5528026733681852 8.0511745545202924 1 13 0 0.31218683454143553 8 1433 13 1422 12 1423
839 -3.2784039728405423 -1.2554813663062234 6.5961759888136706 32 28 33 0.6267261446123763 10 1322 11 896 6 1212 15 151 16 1269 19 999 22 1539 5 1240 13 917 10 1607 19 1743 16 1573
840 -3.2333111332611817 -1.545462878381447 6.5843243859141838 101 97 97 1.0047452269148405 6 1191 15 1641 13 912 10 1590 5 1515
841 -1.4968773105024273 0.65039585358075447 8.5195452576788124 144 122 98 0.79094646335632923 13 140 12 257
843 -1.3666296828422455 1.3371531232534235 8.5456662488034763 117 98 75 0.20777459189621894 13 673 12 597
844 0.053075656932049041 -1.0967722479524793 7.9188040138985851 125 130 118 0.56831974617864178 8 484 13 556 12 674
845 -0.56655140733654286 -0.98802871507233614 7.7733548454339072 1 3 0 1.647567146974011 13 930 19 1049 12 679
846 0.69467357951302255 0.092249326312351693 6.662089530928955 42 32 17 0.88219993329327251 8 539 12 742 19 492
847 1.354929330217002 0.16896587003104344 6.4797072164821996 128 111 112 0.073030030596800605 8 366 12 746
848 1.5019521949739958 -1.1523656666349449 6.3227573117835574 241 231 210 0.946411418025906 8 849 12 844
849 0.056427694061354873 -1.3247321316650666 8.0590699656180433 128 133 111 0.5493657136855542 8 854 13 1052 12 849
850 -0.93275744169653019 -0.50345691492673561 8.2737603111405367 103 116 105 0.56540085559519471 8 508 22 1626 12 880
851 -0.34379187012523899 -0.07868352113343631 7.1682917597352098 8 24 6 0.41272661225207274 19 1166 12 902 8 532
852 2.0838733753982659 0.2502946849244248 6.5521244946574955 116 108 94 0.52906312383760523 8 741 12 926
853 3.4661461611717801 0.53478510508507704 5.1108182070627501 99 87 75 0.63712974620944673 8 586 12 973
854 -0.33385408548033246 -1.133962096631818 8.0996281291784555 2 3 0 0.33978976381894038 13 768 22 2146 12 1002
855 -0.58684754068044354 -1.021135207959484 7.9129253729905011 118 119 112 0.78015843674290997 8 487 13 1060 12 1004
856 3.243886791317895 -0.59586684209486551 4.8074264093168608 129 108 77 1.8164146542681801 8 870 12 1011
857 -0.58686491210871661 0.77465091274936559 8.6299503230864083 0 0 0 2.3762072676968558 8 943 13 1129
859 -0.0024487711215970143 -2.0317291382608436 7.9763694499396314 48 35 12 0.72730501910720502 8 1028 13 1146 12 1081
861 2.0440423879715959 0.16229106612577532 6.453489558309724 198 166 122 0.71299919518127697 8 930 12 1154
862 -2.1370064909465856 0.82305520918242203 9.5144078437162065 128 106 83 0.52771829336972553 22 2224 12 1155
863 -1.4918319294786104 0.66523396846983773 8.4773746521645084 128 106 83 0.48664112229829798 13 1232 12 1156
864 2.6295688015348508 0.39222192764857094 4.9812991841103145 76 43 23 0.22027203842933529 8 1240 12 1169
865 -0.069002253596421231 -1.3135536172751248 7.8695125527017051 27 44 2 1.8784910131233221 8 1043 13 1321 12 1189
866 3.9844671669683325 -0.42073352663295005 4.6270709029119352 52 52 65 0.86863947474600611 8 1072 12 1230
867 3.0267040545630546 0.48883826072732184 5.3263359521541123 117 110 100 0.081760015938466823 8 1110 12 1250
868 3.7223241668367839 -0.90793788729124258 4.7702713491664444 139 134 128 0.55312714647532724 8 1167 12 1270
869 1.7146546963539748 -0.17506770899997084 6.8142634802669848 12 28 6 0.88969987746836066 8 1079 12 1292
870 1.584392680637291 0.1326108010698836 6.4342639760574105 105 76 41 0.53332722035806934 8 1089 12 1304
871 -0.2473473529945838 -1.9371433919250103 7.9355235879799988 41 48 7 1.0562070147434324 8 1283 19 2398 12 1330
872 3.7124789547289834 -0.66764603064223449 4.8691598686567383 117 114 115 1.2648397221942411 8 1304 12 1348
873 3.8234021636658717 -0.65505858833179842 4.7457279288238849 187 192 201 1.3237357102290956 8 1305 12 1349
874 3.8140015341370348 -0.48935094216357305 5.1767044210179449 134 137 138 1.8803259526110649 8 1393 12 1356
875 2.4212492908611876 -0.2825613954106867 6.0080924250390373 167 173 175 2.2695843861276908 8 1203 12 1358
876 1.69266184556688 0.060973092209642463 6.3557520778393162 208 193 188 0.81132021396439002 8 1323 12 1363
877 1.4486696856237136 0.12754598870156059 6.388787633957401 236 217 200 0.40935735452331123 8 1326 12 1364
878 3.3854396165628429 0.48716930932568603 5.3703214187869577 130 122 127 0.99567381033758462 8 1245 12 1375
881 3.9173788851673392 -0.5937826493680719 4.5968414030047766 182 187 191 0.051101501695045182 8 1386 12 1394
882 3.8338947648413502 -0.57281974407870051 4.6342711133368715 5 32 55 0.14460564535600184 8 1389 12 1396
883 0.97933198790305964 -0.52113727647794195 7.7304431751881193 78 84 81 0.83527922510993091 8 1441 12 1400
884 0.97933198790305964 -0.52113727647794195 7.7304431751881193 78 84 81 0.83527922510993091 8 1442 12 1401
885 3.1032401453262857 0.49276303292736917 5.3703738912993044 40 30 13 0.61380522907000645 8 1413 12 1421
886 3.548540726141888 -0.47204809217371024 4.7990908845308997 71 73 68 0.41222694980098118 8 1477 12 1430
887 1.875949877570434 -0.52216078244196307 6.9004741744653506 227 196 150 1.0206719951187015 8 1478 12 1450
888 1.7927660172319246 -0.25999074360794561 6.4166898999000201 76 91 34 0.52559319424334872 8 1483 12 1453
889 2.8180906340685601 0.43549697029659362 5.1055803955767658 176 168 165 0.065541445398222709 8 1494 12 1460
890 -0.41479697459441883 -0.26472451051224094 7.9864058180415842 143 141 132 1.5555237844976069 13 1282 22 2352 22 2477 8 1201 12 1135
891 -1.1339515070076556 1.6500315894749651 8.858388924784796 8 0 0 1.8715984079236789 8 1247 12 1376 19 2360 22 2516
892 1.8688176330776356 -1.1776514787150318 6.7519805078756407 195 160 112 0.3441646731422614 8 1173 12 1272
893 1.7881828958680444 -0.80265584299857473 7.4049673838807557 152 119 76 1.511141974801774 8 1307 12 1350
894 1.7881828958680444 -0.80265584299857473 7.4049673838807557 152 119 76 1.511141974801774 8 1308 12 1351
895 -0.37802113426482453 -0.94001647498001795 7.4711736350664602 10 13 8 1.3092221049032045 19 1484 12 433
896 -3.8905468144328879 1.2573233836060973 3.9895165247377231 97 96 106 2.3863459031432717 13 414 24 765
897 -4.5057490245341079 -2.2918548510657479 5.4889019987190348 74 69 59 0.28241729826603568 13 704 24 861
898 -6.4490498354712624 -1.8614402727973474 0.88079091200703996 94 96 96 0.27237172266041831 19 1701 24 1066
899 -6.4553799346013792 -1.8988786843279237 1.3701954044873026 98 101 106 1.2228206180090497 22 2114 24 1068
900 -3.9865117571447208 0.46395336725325903 5.2556630104512063 125 102 80 1.3070072098899801 13 803 24 1321
901 -4.0204267859523437 0.5924651711323633 5.273968621543764 114 96 83 0.063172489805833509 13 956 24 1323
902 -3.9053355360667434 0.7541048472154398 5.1607575671985293 122 96 75 0.46216394100463865 13 966 24 1428
